[?25l[0m [38;2;0;0;0m      [0m [38;2;13;85;121m▁▁▁▁▁▁▁▁▁▁▁▁▁▁▁▁[0m [38;2;47;9;35m       [0m
 [38;2;0;0;0m     [38;2;29;48;80m▗[7m[38;2;15;84;122m▘[0m[38;2;39;26;55;48;2;13;89;127m                [0m[7m[38;2;15;84;122m▝[0m[38;2;29;49;80m▖      [0m
 [38;2;0;0;0m    [38;2;14;85;122m▗[38;2;13;89;127;48;2;15;84;121m┈[48;2;13;89;127m                  [48;2;15;84;121m┈[0m[38;2;14;85;122m▖     [0m
 [38;2;0;0;0m  [0m [7m[38;2;17;77;113m▘[0m[38;2;44;15;42;48;2;13;89;127m       [38;2;13;89;127;48;2;14;89;127m┈[38;2;118;154;175m▁[48;2;13;89;127m             [0m[7m[38;2;17;77;114m▝[0m [38;2;35;37;67m   [0m
 [38;2;0;0;0m [38;2;18;75;111m▗[38;2;27;54;87;48;2;13;89;127m▘      [38;2;119;156;177;48;2;18;92;129m▁[38;2;215;224;230;48;2;26;96;132m▄[38;2;250;251;251;48;2;117;154;174m▆[38;2;255;255;255;48;2;248;250;251m┈[38;2;239;243;245;48;2;55;116;147m▅[38;2;193;210;219;48;2;27;98;133m▂[48;2;13;89;127m [38;2;13;89;127;48;2;17;91;129m┈[38;2;197;213;222;48;2;22;95;131m▃[38;2;246;248;249;48;2;35;101;135m▅[38;2;215;224;229;48;2;29;98;134m▃[38;2;13;89;127;48;2;20;93;130m┈[48;2;13;89;127m      [38;2;15;84;121;48;2;28;52;84m▇[0m[38;2;18;75;111m▖  [0m
 [38;2;17;79;115m▄[38;2;13;89;127;48;2;13;88;126m┈[48;2;13;89;127m     [38;2;200;212;220;48;2;27;97;133m▂[38;2;238;242;244;48;2;50;111;143m▅[38;2;255;255;255;48;2;247;248;249m┈[48;2;255;255;255m [38;2;109;151;174;48;2;250;251;251m▂[38;2;51;113;145;48;2;248;249;250m▃[38;2;255;255;255;48;2;247;249;250m┈[48;2;255;255;255m [38;2;248;250;251;48;2;96;143;168m▆[38;2;120;157;178;48;2;235;239;242m▘[38;2;197;209;218;48;2;244;246;248m▁[38;2;248;249;250;48;2;255;255;255m╷ [38;2;249;250;251;48;2;138;170;187m▇[38;2;239;242;245;48;2;48;111;143m▄[38;2;140;170;188;48;2;17;91;128m▂[48;2;13;89;127m     [38;2;13;89;127;48;2;13;88;126m┈[0m[38;2;17;79;115m▄[0m [0m
[7m[38;2;17;78;114m▍[0m[38;2;37;29;57;48;2;13;89;127m    [38;2;113;152;174;48;2;17;91;128m▁[38;2;238;241;243;48;2;45;109;141m▃[38;2;249;250;251;48;2;111;149;171m▆[48;2;255;255;255m [38;2;255;255;255;48;2;246;248;250m┈[38;2;106;149;172;48;2;237;242;244m▃[38;2;179;201;212;48;2;37;104;138m▋[48;2;13;89;127m  [38;2;18;92;129;48;2;121;160;181m▇[38;2;27;98;134;48;2;216;227;233m▄[38;2;125;162;182;48;2;251;252;252m▂[48;2;255;255;255m [38;2;255;255;255;48;2;248;250;251m┈[38;2;249;250;251;48;2;101;145;169m▄[38;2;18;91;129;48;2;176;198;210m╾[38;2;66;123;152;48;2;239;243;246m▂[38;2;255;255;255;48;2;254;254;254m┈[48;2;253;253;254m┈[38;2;250;251;251;48;2;88;136;162m▅[38;2;201;215;223;48;2;23;95;131m▃[38;2;13;89;127;48;2;18;92;129m┈[48;2;13;89;127m    [0m[38;2;17;78;114m▋[0m
 [7m[38;2;17;78;115m▄[0m[38;2;13;89;127;48;2;13;88;126m┈[48;2;13;89;127m [38;2;248;249;250;48;2;44;106;139m╺[38;2;60;118;149;48;2;241;244;246m▂[38;2;13;89;127;48;2;253;253;253m▁[38;2;74;128;156;48;2;250;251;252m▂[38;2;26;97;133;48;2;215;226;232m▄[38;2;249;250;251;48;2;71;125;154m╺[38;2;60;118;149;48;2;245;247;249m▂[38;2;218;229;234;48;2;13;89;127m▋    [38;2;13;89;127;48;2;14;90;127m┈[38;2;33;101;136;48;2;213;223;230m▆[38;2;65;123;152;48;2;244;247;249m▃[38;2;13;89;127;48;2;253;253;253m▁[48;2;247;249;250m▁[38;2;248;250;251;48;2;93;141;167m━[38;2;27;97;133;48;2;157;184;199m▆[38;2;56;117;148;48;2;244;246;248m▄[38;2;13;89;127;48;2;247;249;250m▁[48;2;251;252;252m▁[38;2;33;100;135;48;2;214;224;230m▂[38;2;179;192;203;48;2;17;91;128m╸[48;2;13;89;127m [38;2;13;89;127;48;2;13;88;126m┈[0m[7m[38;2;17;79;115m▄[0m [0m
 [38;2;0;0;0m [38;2;18;75;111m▝[38;2;27;54;87;48;2;13;89;127m▖                        ▗[0m[38;2;18;75;111m▘  [0m
 [38;2;0;0;0m  [0m [7m[38;2;17;77;113m▖[0m[38;2;44;15;42;48;2;13;89;127m                      [0m[7m[38;2;17;77;114m▗[0m [38;2;46;11;38m   [0m
 [38;2;0;0;0m    [38;2;14;85;122m▝[38;2;13;89;127;48;2;15;84;121m┈[48;2;13;89;127m                  [48;2;15;84;121m┈[0m[38;2;14;85;122m▘     [0m
 [38;2;0;0;0m     [38;2;29;48;80m▝[7m[38;2;15;84;122m▖[0m[38;2;39;26;55;48;2;13;89;127m                [0m[7m[38;2;15;84;122m▗[0m[38;2;29;49;80m▘      [0m
 [38;2;0;0;0m      [0m [7m[38;2;13;85;121m▇▇▇▇▇▇▇▇▇▇▇▇▇▇▇▇[0m [38;2;47;9;35m       [0m
[?25h