[?25l[0m [38;2;0;0;0m             [0m [7m[38;2;28;112;164m▘[0m[38;2;37;147;204m▖               [0m
 [38;2;0;0;0m            [0m [7m[38;2;28;113;167m▘[0m[38;2;48;12;38;48;2;22;146;208m [38;2;22;146;208;48;2;30;149;208m╴[0m[38;2;56;159;212m▖              [0m
 [38;2;0;0;0m           [0m [7m[38;2;38;122;174m▘[0m[38;2;35;152;211;48;2;28;149;209m▄[38;2;32;151;210;48;2;26;148;209m▃[38;2;29;149;209;48;2;23;146;208m▄[38;2;58;161;214;48;2;29;149;209m▝[0m[38;2;60;163;215m▖             [0m
 [38;2;0;0;0m           [7m[38;2;49;137;188m▌[0m[38;2;51;159;214;48;2;45;156;212m▄[38;2;48;158;213;48;2;41;155;212m▄[38;2;45;157;213;48;2;38;154;211m▄[38;2;42;155;212;48;2;35;152;211m▄[38;2;39;154;211;48;2;32;151;210m▄[38;2;63;165;216;48;2;38;153;211m▝[0m[7m[38;2;61;131;176m▝[0m [38;2;48;10;36m           [0m
 [38;2;0;0;0m         [0m [38;2;66;151;198m▆[38;2;65;158;207m▅[7m[38;2;58;137;184m━[0m[38;2;54;91;131;48;2;55;140;189m┒[38;2;55;110;153;48;2;53;159;213m▁[38;2;55;161;214;48;2;48;158;213m▄[38;2;52;160;214;48;2;46;157;213m▃[38;2;48;158;213;48;2;42;155;212m▄[38;2;65;166;217;48;2;45;156;212m▝[0m[7m[38;2;67;155;203m▝[0m [38;2;56;62;95m          [0m
 [38;2;0;0;0m        [38;2;77;135;175m▗[38;2;66;102;140;48;2;82;174;220m▘[38;2;82;174;220;48;2;76;171;219m▄[38;2;79;173;219;48;2;73;170;218m▄[38;2;76;171;219;48;2;70;168;218m▄[38;2;73;170;218;48;2;67;167;217m▄[38;2;68;167;217;48;2;59;137;183m▇[38;2;67;167;217;48;2;61;164;215m▄[38;2;64;166;216;48;2;58;163;215m▄[38;2;61;164;216;48;2;55;161;214m▄[38;2;58;163;215;48;2;52;160;214m▄[38;2;54;161;214;48;2;59;163;216m▇[0m[7m[38;2;69;167;216m▝[0m[38;2;68;114;154m▖         [0m
 [38;2;0;0;0m       [38;2;86;172;217m▗[38;2;86;176;221;48;2;85;171;216m┈[38;2;40;153;211;48;2;85;175;221m▁[38;2;33;150;210;48;2;86;176;221m▃[38;2;26;147;209;48;2;83;174;220m▄[38;2;24;146;208;48;2;79;172;219m▅[38;2;23;146;208;48;2;76;171;219m▆[38;2;22;146;208;48;2;62;163;215m▆[48;2;69;168;218m▇[48;2;63;164;216m▇[48;2;63;165;216m▇[38;2;24;147;208;48;2;62;165;216m▇[38;2;22;146;208;48;2;57;162;215m▆[48;2;53;160;214m▅[48;2;47;150;204m╴[0m[38;2;45;146;200m▖        [0m
 [38;2;0;0;0m     [0m [7m[38;2;44;131;182m▘[0m[38;2;24;147;208;48;2;77;171;219m▅[48;2;67;166;216m▇[48;2;22;146;208m   [38;2;22;146;208;48;2;22;143;204m┈[0m[7m[38;2;22;145;206m▃[38;2;22;146;208m▄▄[38;2;23;140;200m▂[0m[38;2;22;146;208;48;2;22;146;208m┈    [48;2;34;149;208m▇[0m[7m[38;2;32;113;164m▝[0m [38;2;48;10;36m      [0m
 [38;2;0;0;0m    [38;2;32;95;143m▗[7m[38;2;22;144;205m▘[0m[38;2;38;61;100;48;2;22;146;208m     [38;2;24;137;197;48;2;33;86;132m▉[0m[38;2;32;90;137m▘    [38;2;27;122;177m▝[38;2;22;146;208;48;2;23;140;200m┈[48;2;22;146;208m     [0m[7m[38;2;23;140;200m▝[0m [38;2;37;69;111m     [0m
 [38;2;0;0;0m   [38;2;23;141;201m▗[38;2;22;146;208;48;2;23;140;200m┈[48;2;22;146;208m      [0m[38;2;22;145;207m▍      [7m▌[0m[38;2;44;28;59;48;2;22;146;208m   [38;2;22;146;208;48;2;22;144;206m┈[0m[7m[38;2;23;140;200m╺[38;2;26;125;181m┐[38;2;26;124;180m▂[0m[38;2;32;91;138m▖    [0m
 [38;2;0;0;0m [0m [7m[38;2;26;123;179m▘[0m[38;2;47;17;45;48;2;22;146;208m     [38;2;22;146;208;48;2;22;144;205m┈[0m[7m[38;2;22;144;205m▁[38;2;22;145;207m▂[0m[38;2;26;126;182m▘      [38;2;22;146;208m▝[7m▂[38;2;22;145;207m▁[0m[38;2;22;146;208;48;2;22;146;207m┈[48;2;22;146;208m   [38;2;22;144;206;48;2;34;83;129m▇[0m[38;2;23;139;199m▅[38;2;27;118;172m▃[0m [38;2;48;10;36m  [0m
 [38;2;30;104;155m▗[7m[38;2;22;145;206m▘[0m[38;2;37;68;110;48;2;22;146;208m [0m[7m[38;2;23;142;203m▁[38;2;22;145;207m▃[38;2;23;138;198m▄[38;2;26;123;179m▅[38;2;23;138;198m▇[0m [38;2;48;10;36m            [0m [7m[38;2;28;113;166m▆[38;2;24;134;193m▅[38;2;22;144;205m▄[38;2;23;139;199m▂[38;2;22;145;207m▁[0m[38;2;36;70;112;48;2;22;146;208m [0m[7m[38;2;24;137;197m▝[0m [38;2;37;68;109m [0m
[38;2;27;118;173m╺[7m[38;2;24;134;192m▄[38;2;23;142;202m▆[38;2;32;92;139m▇[0m[38;2;48;12;38m                       [0m [7m[38;2;26;123;178m▇[38;2;25;132;190m▅[38;2;28;114;168m▃[0m[38;2;34;81;125m╴[0m
[?25h