[?25l[0m [38;2;0;0;0m                               [0m
 [38;2;0;0;0m  [0m [38;2;6;63;154m▃[38;2;3;69;168m▅[38;2;7;66;164m▇[38;2;9;69;173m▇[38;2;12;68;175m▇[38;2;28;69;167;48;2;127;147;201m▌[0m[38;2;157;176;223m▇[38;2;162;179;224m▇[38;2;139;157;217m▇[38;2;31;64;183m▇[38;2;36;64;184m▇[38;2;40;63;186m▇[38;2;43;62;187m▇[38;2;47;61;187m▇[38;2;51;57;181m▇[38;2;55;57;186m▆[38;2;59;56;185m▅[38;2;64;57;194m▃[38;2;65;49;171m▂[0m [38;2;48;10;36m        [0m
 [38;2;0;0;0m [0m [7m[38;2;4;69;170m▘[0m[38;2;8;69;174;48;2;3;70;172m▄[38;2;12;68;175;48;2;7;69;173m▄[38;2;16;68;177;48;2;11;69;175m▄[38;2;20;67;178;48;2;15;68;176m▄[38;2;24;66;180;48;2;19;67;178m▄[38;2;42;78;183;48;2;210;217;240m▌[38;2;248;249;252;48;2;223;228;244m▗[38;2;247;247;252m▅[38;2;218;222;242;48;2;128;138;207m▉[38;2;43;62;187;48;2;38;63;186m▄[38;2;47;61;189;48;2;42;62;187m▄[38;2;51;61;191;48;2;46;62;189m▄[38;2;55;60;192;48;2;50;61;190m▄[38;2;58;59;194;48;2;54;60;192m▄[38;2;62;58;195;48;2;57;59;193m▄[38;2;66;57;197;48;2;61;58;195m▄[38;2;70;57;198;48;2;65;58;196m▄[38;2;74;56;200;48;2;69;57;198m▄[38;2;78;55;201;48;2;73;56;199m▄[38;2;79;54;201;48;2;65;39;141m▇[0m[38;2;83;52;198m▅[38;2;78;41;161m▃[0m [38;2;48;10;36m     [0m
 [38;2;0;0;0m [7m[38;2;29;83;180m▉[0m[38;2;131;158;214;48;2;17;72;176m▁[38;2;136;159;216;48;2;20;71;177m▁[38;2;204;213;238;48;2;27;72;179m▁[38;2;215;222;242;48;2;33;73;181m▁[38;2;216;221;242;48;2;36;72;183m▁[38;2;217;221;242;48;2;39;72;184m▁[38;2;79;101;196;48;2;218;222;242m▌[38;2;222;225;244;48;2;221;225;243m▅[38;2;223;225;244;48;2;222;225;244m▂[38;2;221;224;244;48;2;154;159;217m▉[38;2;220;221;244;48;2;58;68;192m▁[38;2;220;220;244;48;2;61;67;193m▁[38;2;221;220;244;48;2;65;67;195m▁[38;2;221;219;244;48;2;67;65;196m▁[38;2;179;173;231;48;2;68;61;197m▁[38;2;161;152;226;48;2;72;60;198m▁[38;2;163;151;227;48;2;75;60;200m▁[38;2;162;148;227;48;2;78;58;201m▁[38;2;133;111;217;48;2;80;55;202m▁[38;2;87;53;205;48;2;82;54;203m▄[38;2;91;52;207;48;2;87;53;205m▃[38;2;94;52;208;48;2;90;53;206m▄[38;2;98;51;210;48;2;94;52;208m▄[0m[7m[38;2;98;49;204m▝[0m[38;2;94;41;176m▖    [0m
 [38;2;0;0;0m [7m[38;2;124;140;193m▋[0m[38;2;139;160;217;48;2;137;160;216m▄[38;2;149;168;220;48;2;210;218;240m▍[38;2;239;241;249;48;2;221;226;243m╺[38;2;244;245;251;48;2;223;227;244m▆[38;2;242;243;250;48;2;222;226;244m▎[38;2;222;225;244;48;2;221;225;244m▅[38;2;223;225;244;48;2;222;225;244m▃[38;2;224;225;245;48;2;223;225;244m▂▅[38;2;224;224;245;48;2;224;225;245m▃[38;2;225;224;245;48;2;224;224;245m▄[38;2;226;224;246;48;2;225;224;245m▂[38;2;246;245;251;48;2;229;228;246m▆[38;2;249;249;253;48;2;230;227;247m╾[38;2;225;222;245;48;2;207;203;240m▇[38;2;190;182;235;48;2;168;155;228m▏[38;2;169;154;229;48;2;167;154;228m▅[38;2;171;153;230;48;2;169;154;229m▅[38;2;173;153;231;48;2;171;153;230m▄[38;2;173;151;231;48;2;120;91;215m▇[38;2;173;147;231;48;2;106;66;211m▅[38;2;155;121;226;48;2;105;56;212m▖[38;2;108;49;213;48;2;103;50;212m▄[38;2;112;48;215;48;2;107;49;213m▄[38;2;114;48;216;48;2;112;47;213m┈[0m[38;2;116;46;212m▖   [0m
 [38;2;0;0;0m [7m[38;2;54;77;169m▋[0m[38;2;31;64;183;48;2;136;156;216m▆[38;2;35;64;184;48;2;148;164;220m▆[38;2;40;63;186;48;2;207;213;239m▆[38;2;43;62;187;48;2;216;221;243m▆[38;2;47;61;189;48;2;217;221;243m▆[38;2;51;60;190;48;2;218;221;243m▆[38;2;107;111;207;48;2;221;222;244m▌[38;2;225;224;245;48;2;224;225;245m▄[38;2;226;224;245;48;2;225;224;245m▁[38;2;224;223;245;48;2;168;164;224m▉[38;2;70;57;198;48;2;221;220;244m▆[38;2;74;56;200;48;2;222;220;245m▆[38;2;78;55;201;48;2;223;220;245m▆[38;2;82;54;203;48;2;222;218;245m▆[38;2;86;53;204;48;2;190;180;235m▆[38;2;89;53;206;48;2;166;150;228m▆[38;2;93;52;207;48;2;168;149;229m▆[38;2;100;55;210;48;2;173;152;231m▆[38;2;112;64;214;48;2;169;144;230m▄[38;2;179;152;233;48;2;178;151;233m┈[38;2;182;151;234;48;2;180;152;233m▄[38;2;183;151;235;48;2;182;150;234m┈[38;2;175;136;233;48;2;121;57;217m▖[38;2;121;46;219;48;2;117;47;217m▄[38;2;125;45;220;48;2;120;46;218m▄[38;2;127;45;221;48;2;124;44;215m┈[0m[38;2;95;29;143m▏  [0m
 [38;2;0;0;0m [7m[38;2;39;55;162m▋[0m[38;2;43;62;187;48;2;38;63;185m▄[38;2;46;61;189;48;2;42;62;187m▄[38;2;50;61;190;48;2;45;62;188m▅[38;2;54;60;192;48;2;49;61;190m▄[38;2;58;59;193;48;2;53;60;192m▄[38;2;61;58;195;48;2;57;59;193m▄[38;2;75;72;198;48;2;220;219;244m▌[38;2;245;245;251;48;2;229;228;247m▝[38;2;230;227;247;48;2;245;244;251m▂[38;2;225;222;245;48;2;148;139;218m▉[38;2;81;54;203;48;2;76;55;201m▄[38;2;85;54;204;48;2;80;55;202m▄[38;2;88;53;206;48;2;84;54;204m▄[38;2;92;52;207;48;2;88;53;205m▄[38;2;96;51;209;48;2;91;52;207m▄[38;2;100;51;210;48;2;95;52;208m▄[38;2;104;50;212;48;2;99;51;210m▄[38;2;108;49;213;48;2;103;50;211m▄[38;2;111;52;214;48;2;138;89;222m▉[38;2;169;132;231;48;2;184;150;235m▏[38;2;187;150;236;48;2;185;151;235m▄[38;2;189;150;237;48;2;186;150;236m▄[38;2;178;133;234;48;2;126;46;221m▌[38;2;131;44;222;48;2;126;45;221m▄[38;2;134;44;224;48;2;130;45;222m▄[38;2;136;43;225;48;2;133;44;223m▅[0m[38;2;120;37;191m▍  [0m
 [38;2;0;0;0m [0m [38;2;50;61;190;48;2;50;59;185m┊[38;2;56;60;193;48;2;51;61;191m▄[38;2;59;59;194;48;2;55;60;192m▄[38;2;63;58;196;48;2;59;59;194m▄[38;2;67;57;197;48;2;62;58;195m▄[38;2;71;56;199;48;2;66;57;197m▄[38;2;78;63;200;48;2;166;157;228m▌[38;2;166;154;228;48;2;215;211;242m▅[38;2;168;154;229;48;2;223;219;245m▅[38;2;197;188;237;48;2;162;145;227m▘[38;2;90;53;206;48;2;86;53;204m▄[38;2;94;52;208;48;2;89;53;206m▄[38;2;98;51;209;48;2;93;52;207m▄[38;2;102;50;211;48;2;97;51;209m▄[38;2;106;49;212;48;2;101;50;211m▄[38;2;109;49;214;48;2;105;50;212m▄[38;2;113;48;215;48;2;109;49;214m▄[38;2;153;102;227;48;2;115;50;216m▗[38;2;130;70;220;48;2;184;146;235m▘[38;2;189;150;237;48;2;187;150;236m▅[38;2;192;149;238;48;2;189;150;237m▄[38;2;153;79;229;48;2;190;147;237m▗[38;2;134;44;224;48;2;137;49;225m┊[38;2;137;43;225;48;2;134;44;224m▆[48;2;137;43;225m [48;2;134;42;219m┈[0m[38;2;99;29;145m▏  [0m
 [38;2;0;0;0m  [38;2;57;57;188m▝[38;2;63;58;196;48;2;62;57;193m┈[38;2;69;57;198;48;2;64;58;196m▄[38;2;73;56;199;48;2;68;57;197m▄[38;2;77;55;201;48;2;72;56;199m▄[38;2;81;54;203;48;2;76;55;201m▃[38;2;83;57;203;48;2;149;131;223m▌[38;2;171;153;230;48;2;169;154;229m▄[38;2;173;153;231;48;2;171;153;230m▄[38;2;173;152;231;48;2;158;133;226m▉[38;2;169;141;230;48;2;105;64;211m▂[38;2;144;107;223;48;2;100;50;210m▁[38;2;140;97;222;48;2;104;50;212m▁[38;2;172;136;232;48;2;109;50;214m▁[38;2;177;139;233;48;2;113;50;215m▂[38;2;185;148;236;48;2;122;59;218m▃[38;2;187;149;236;48;2;135;75;222m▅[38;2;190;150;237;48;2;188;148;237m┈[38;2;192;149;238;48;2;190;150;237m▅[38;2;194;149;239;48;2;191;146;238m┈[38;2;144;57;227;48;2;184;132;237m▃[38;2;137;43;225;48;2;140;49;226m┊[48;2;137;43;225m  [48;2;136;42;222m┈[0m[38;2;134;42;219m▘   [0m
 [38;2;0;0;0m   [38;2;66;47;165m▝[7m[38;2;74;54;194m▖[0m[38;2;82;54;203;48;2;78;55;201m▄[38;2;86;53;205;48;2;81;54;203m▄[38;2;90;53;206;48;2;85;54;204m▄[38;2;91;52;207;48;2;92;53;207m╴[38;2;103;58;211;48;2;154;129;225m▄[38;2;137;98;221;48;2;175;151;231m▂[38;2;180;152;233;48;2;177;152;232m▄[38;2;182;151;234;48;2;179;152;233m▄[38;2;184;151;235;48;2;181;151;234m▄[38;2;186;150;236;48;2;183;151;235m▄[38;2;187;150;236;48;2;185;151;235m▅[38;2;189;150;237;48;2;187;150;236m▅[38;2;191;149;238;48;2;189;150;237m▄[38;2;164;98;232;48;2;191;148;238m▁[38;2;140;51;226;48;2;189;142;237m▂[38;2;138;46;225;48;2;184;131;237m▄[38;2;139;46;225;48;2;166;96;232m▇[48;2;137;43;225m   [0m[7m[38;2;134;42;218m▗[0m[38;2;119;36;186m▘    [0m
 [38;2;0;0;0m    [0m [7m[38;2;76;41;159m▅[38;2;89;51;200m▃[0m[38;2;82;35;147;48;2;96;51;208m▁[38;2;103;50;212;48;2;98;51;210m▄[38;2;107;49;213;48;2;102;50;211m▄[38;2;112;48;215;48;2;107;49;213m▃[38;2;115;51;216;48;2;165;131;229m▇[38;2;121;53;218;48;2;182;149;235m▆[38;2;122;46;219;48;2;181;144;234m▅[38;2;126;46;220;48;2;184;145;235m▅[38;2;129;45;222;48;2;179;135;234m▅[38;2;133;45;223;48;2;185;140;236m▆[38;2;136;45;224;48;2;178;127;235m▇[38;2;137;43;225;48;2;137;44;225m┈[48;2;137;43;225m   [38;2;105;31;157;48;2;137;43;224m▁[0m[7m[38;2;134;42;218m▃[38;2;113;34;175m▅[0m [38;2;48;10;36m     [0m
 [38;2;0;0;0m       [0m [7m[38;2;97;42;183m▆[38;2;110;48;212m▅[38;2;112;45;206m▃[38;2;117;45;211m▂[38;2;120;43;209m▁[38;2;128;44;220m▁[38;2;133;44;223m▁[38;2;136;43;224m▁[38;2;136;43;223m▁[38;2;132;41;214m▁[38;2;133;42;217m▂[38;2;132;41;214m▃[38;2;136;43;222m▅[38;2;122;37;194m▆[0m [38;2;48;10;36m        [0m
 [38;2;0;0;0m                               [0m
[?25h