[?25l[0m [38;2;0;0;0m                               [0m
 [38;2;0;0;0m     [38;2;14;137;176m▗[38;2;1;156;153m▅[38;2;1;158;160m▅[38;2;1;165;140m▅[38;2;0;168;134m▅▅▅[38;2;0;167;134m▅▅[38;2;1;167;134m▅[38;2;1;166;133m▅▅[38;2;1;165;133m▅[38;2;1;165;132m▅[38;2;1;163;131m▅[38;2;3;159;129m▅[38;2;12;139;117m╸         [0m
 [38;2;0;0;0m   [0m [38;2;9;172;218m▄[38;2;0;203;254;48;2;1;196;245m┊[38;2;0;169;211;48;2;0;169;139m▏[38;2;0;181;224;48;2;0;171;153m▝[38;2;0;191;236;48;2;0;154;192m▆[38;2;0;193;242;48;2;1;158;175m▄[38;2;0;175;219;48;2;1;163;147m▄[38;2;1;160;197;48;2;0;167;138m▃[38;2;2;155;170;48;2;0;169;135m▂ [38;2;0;164;131m▁[38;2;0;167;133;48;2;0;168;134m╷[38;2;0;163;131;48;2;0;169;135m╼[38;2;0;167;133;48;2;0;168;134m╵[38;2;0;169;135;48;2;0;165;131m▇[0m[7m[38;2;1;167;134m▗[0m[38;2;13;127;109m▘   [0m [38;2;2;214;194m▆[38;2;5;212;181m▖    [0m
 [38;2;0;0;0m  [38;2;24;120;160m▗[7m[38;2;2;196;246m▘[0m[38;2;38;63;96;48;2;0;203;254m [38;2;0;203;253;48;2;0;185;231m▊[38;2;0;163;197;48;2;0;169;135m▎ [38;2;0;184;200;48;2;0;169;136m▝[38;2;0;175;169;48;2;0;200;249m▖[38;2;0;174;163;48;2;0;201;250m▁[38;2;0;171;149;48;2;0;197;245m▃[38;2;0;169;136;48;2;0;175;210m▄[48;2;1;156;163m▆[38;2;0;169;135;48;2;0;166;132m▇[48;2;0;169;135m   [0m[7m[38;2;10;136;114m▗[0m [38;2;48;10;36m           [0m
  [38;2;2;198;248m▗[38;2;0;203;254;48;2;3;194;244m┈[48;2;0;203;254m [38;2;0;187;233;48;2;0;202;253m▁[38;2;0;161;173;48;2;0;192;240m▁[38;2;0;147;174;48;2;0;167;136m▎[48;2;0;169;135m [38;2;22;97;91;48;2;0;168;135m▗[0m[38;2;9;140;117m▘[0m        [38;2;48;10;36m   [0m [38;2;0;193;208m▃[38;2;5;172;193m▄[38;2;15;136;153m▂      [0m
 [7m[38;2;6;175;219m▘[0m[38;2;0;168;155;48;2;0;196;245m▂[38;2;0;168;150;48;2;0;194;243m▄[38;2;0;169;139;48;2;0;183;224m▅[48;2;0;170;208m▇[38;2;0;164;131;48;2;0;164;137m▇[38;2;0;130;104;48;2;0;169;135m▍[0m[7m[38;2;7;145;120m▗[0m [38;2;47;14;39m            [7m[38;2;9;188;169m▎[0m[38;2;0;249;202;48;2;0;214;198m▅[48;2;0;211;198m▅[0m[7m[38;2;2;214;190m▗[0m [38;2;48;10;36m     [0m
[7m[38;2;14;138;167m▖[0m[38;2;0;197;246;48;2;0;166;144m▅[38;2;0;196;245;48;2;0;168;136m▅[38;2;0;195;244;48;2;0;169;136m▅[38;2;0;190;234;48;2;0;169;135m▅[38;2;0;202;253;48;2;0;171;162m─[38;2;0;172;207;48;2;0;165;138m╸[0m[7m[38;2;7;136;114m╺[0m [38;2;48;10;36m              [0m [7m[38;2;21;144;132m▇[0m[38;2;48;10;36m  [0m [38;2;6;169;194m▂[38;2;0;192;219m▂[38;2;8;159;186m▂[0m [0m
 [38;2;3;194;243m▝[38;2;0;167;134;48;2;3;166;173m╴[38;2;0;162;130;48;2;0;185;216m▆[38;2;0;167;133;48;2;0;168;152m▇[48;2;0;169;135m   [0m[7m[38;2;2;164;132m▝[0m[38;2;20;106;97m▖                [0m [38;2;20;121;132;48;2;0;219;199m▘[38;2;0;233;198;48;2;0;202;202m▃[38;2;0;230;198;48;2;0;201;202m▃[38;2;0;228;198;48;2;0;200;203m▃[0m[7m[38;2;1;208;195m▝[0m
 [38;2;0;0;0m [38;2;26;92;89m▝[7m[38;2;3;160;129m▖[0m[38;2;0;169;135;48;2;0;154;123m▆[48;2;0;155;124m▅[38;2;0;160;128;48;2;0;164;131m╵[38;2;0;165;206;48;2;0;162;140m▗[38;2;0;193;240;48;2;0;169;139m▄[38;2;0;170;152;48;2;2;171;172m┈[0m[38;2;8;151;166m▃[38;2;12;127;149m▂[38;2;12;151;193m▂[38;2;12;160;204m▂▂▂▂▂▂▂▂▂▂▂▂▂[0m [7m[38;2;9;203;172m▅[38;2;0;251;202m▃▂[38;2;1;248;199m▃[0m[38;2;5;224;183m▘[0m
 [38;2;0;0;0m  [0m [7m[38;2;10;139;117m▄[0m[38;2;0;169;135;48;2;1;166;133m┈[48;2;0;169;135m [38;2;0;165;143;48;2;0;168;210m▌[38;2;0;195;245;48;2;0;203;254m▏[38;2;2;175;168;48;2;0;200;249m▗[38;2;2;179;189;48;2;0;169;135m▘[38;2;0;169;135;48;2;0;169;136m┈[48;2;0;164;186m▆[38;2;0;168;140;48;2;0;184;228m▅[38;2;0;167;155;48;2;0;197;247m▄[38;2;0;165;170;48;2;0;198;248m▂[38;2;0;178;223;48;2;0;202;253m▁[48;2;0;203;254m       [38;2;0;203;254;48;2;0;202;253m┈[0m[7m[38;2;12;158;202m▗[0m [38;2;48;10;36m     [0m
 [38;2;0;0;0m    [38;2;14;126;109m▝[7m[38;2;1;167;134m▖[0m[38;2;0;164;143;48;2;0;166;207m▌[38;2;1;170;141;48;2;1;192;229m▗[38;2;0;169;135;48;2;0;170;139m┈[48;2;0;169;135m      [38;2;0;169;136;48;2;0;165;183m▇[38;2;0;168;143;48;2;0;185;232m▆[38;2;0;168;145;48;2;0;193;241m▄[38;2;0;167;150;48;2;0;196;244m▂[38;2;0;171;203;48;2;0;201;251m▁[48;2;0;203;254m  [38;2;21;119;159;48;2;2;194;243m▁[0m[38;2;7;177;224m▘       [0m
 [38;2;0;0;0m     [0m [7m[38;2;6;146;143m▄[38;2;0;169;135m▄▄▄▄▄▄▄▄▄▄▄▄[38;2;0;168;141m▄[38;2;0;174;179m▄[38;2;2;183;223m▄[0m [38;2;46;17;44m        [0m
 [38;2;0;0;0m                               [0m
[?25h