[?25l[0m [38;2;0;0;0m       [0m [38;2;188;120;36m▂[38;2;229;152;37m▃[38;2;239;160;37m▄[38;2;238;159;37m▅[38;2;248;167;37m▅[38;2;243;163;37m▆[38;2;248;167;37m▆▆[38;2;243;163;37m▆[38;2;248;167;37m▅[38;2;238;159;37m▅[38;2;239;160;37m▄[38;2;229;152;37m▃[38;2;188;120;36m▂[0m [38;2;48;10;36m        [0m
 [38;2;0;0;0m    [38;2;158;96;36m▁[38;2;238;159;37m▃[38;2;234;156;37m▆[38;2;248;167;37;48;2;176;110;36m▇[48;2;248;167;37m      [38;2;251;209;146;48;2;248;168;41m▂▂[48;2;248;167;37m      [38;2;248;167;37;48;2;176;110;36m▇[0m[38;2;234;156;37m▆[38;2;238;159;37m▃[38;2;158;97;36m▁     [0m
 [38;2;0;0;0m  [38;2;167;103;36m▗[38;2;235;157;37m▅[38;2;248;167;37;48;2;244;164;37m┈[48;2;248;167;37m       [48;2;248;168;41m┈[38;2;253;240;222;48;2;249;182;78m▄[38;2;254;254;254;48;2;254;252;249m┈┈[38;2;253;240;222;48;2;249;182;78m▄[38;2;248;167;37;48;2;248;168;41m┈[48;2;248;167;37m       [48;2;244;164;37m┈[0m[38;2;235;157;37m▅[38;2;167;103;36m▖   [0m
  [38;2;213;140;37m▄[38;2;248;167;37;48;2;245;164;37m┈[48;2;248;167;37m        [48;2;248;167;38m┈[38;2;249;176;63;48;2;253;243;230m▘[48;2;254;254;254m    [48;2;253;243;230m▝[38;2;248;167;37;48;2;248;167;38m┈[48;2;248;167;37m        [48;2;245;164;37m┈[0m[38;2;213;140;37m▄[0m [38;2;48;10;36m [0m
 [7m[38;2;203;131;37m▘[0m[38;2;53;14;36;48;2;248;167;37m  [38;2;248;167;37;48;2;248;168;41m┈[38;2;254;247;240;48;2;248;170;46m▁[38;2;254;251;248;48;2;248;169;46m▂[38;2;254;250;246;48;2;248;168;39m▃[38;2;253;243;233;48;2;248;167;37m▄[38;2;254;249;246m▄▄[38;2;253;242;229m▄[38;2;253;245;236;48;2;249;179;69m▃[48;2;254;254;254m  [38;2;250;194;110;48;2;254;253;252m▗[38;2;250;195;110m▖[48;2;254;254;254m  [38;2;253;245;236;48;2;249;179;69m▃[38;2;253;242;229;48;2;248;167;37m▄[38;2;254;249;246m▄▄[38;2;253;243;233m▄[38;2;254;250;246;48;2;248;168;39m▃[38;2;254;251;248;48;2;248;169;46m▂[38;2;254;247;240;48;2;248;170;46m▁[38;2;248;167;37;48;2;248;168;41m┈[48;2;248;167;37m  [0m[7m[38;2;202;131;37m▝[0m[38;2;53;14;36m [0m
[7m[38;2;188;120;37m▊[0m[38;2;55;15;36;48;2;248;167;37m   [38;2;248;167;37;48;2;248;171;47m┈[38;2;249;180;72;48;2;253;244;231m▄[38;2;252;224;184;48;2;254;253;252m▁[48;2;254;254;254m    [38;2;250;192;106;48;2;254;250;246m▁[38;2;248;168;40;48;2;254;251;249m▁[38;2;252;223;191;48;2;254;254;254m▁ [38;2;254;253;252;48;2;249;185;83m▌[38;2;249;185;83;48;2;254;253;252m▌[48;2;254;254;254m [38;2;252;223;192m▁[38;2;248;168;40;48;2;254;251;249m▁[38;2;250;192;106;48;2;254;250;246m▁[48;2;254;254;254m    [38;2;252;224;184;48;2;254;253;252m▁[38;2;249;180;72;48;2;253;244;231m▄[38;2;248;167;37;48;2;248;171;47m┈[48;2;248;167;37m   [0m[38;2;187;119;36m▎[0m
[7m[38;2;248;167;37m▋[0m[38;2;55;15;36;48;2;248;167;37m     [38;2;248;168;41;48;2;250;200;124m▇[38;2;249;176;62;48;2;253;247;238m▅[38;2;249;176;63;48;2;253;248;242m▂[38;2;254;254;254;48;2;254;250;245m┈[48;2;254;254;254m [48;2;254;250;246m┈[38;2;254;252;250;48;2;249;176;64m▆[38;2;254;253;253;48;2;248;172;56m▅[38;2;251;208;145;48;2;253;247;239m▘[38;2;252;231;205;48;2;254;254;253m▁▁[38;2;251;208;145;48;2;253;247;239m▝[38;2;254;253;253;48;2;248;172;56m▅[38;2;254;252;250;48;2;249;176;64m▆[38;2;254;254;254;48;2;254;250;246m┈[48;2;254;254;254m [48;2;254;250;245m┈[38;2;249;176;63;48;2;253;248;242m▂[38;2;249;176;62;48;2;253;247;238m▅[38;2;248;168;41;48;2;250;200;124m▇[48;2;248;167;37m     [0m[38;2;248;167;37m▍[0m
[7m[38;2;188;120;36m▊[0m[38;2;55;15;36;48;2;248;167;37m        [38;2;248;169;43;48;2;250;192;103m▉[38;2;250;188;96;48;2;253;244;233m▘[48;2;254;254;254m  [38;2;248;172;53;48;2;252;235;209m▗[38;2;253;243;229;48;2;249;191;101m▗[38;2;254;254;254;48;2;254;248;241m┈┈[38;2;253;243;229;48;2;249;191;101m▖[38;2;248;172;53;48;2;252;235;209m▖[48;2;254;254;254m  [38;2;250;189;96;48;2;253;244;233m▝[38;2;250;192;103;48;2;248;169;43m▏[48;2;248;167;37m        [0m[38;2;187;119;37m▎[0m
 [7m[38;2;203;131;37m▖[0m[38;2;53;14;36;48;2;248;167;37m       [38;2;249;176;63;48;2;253;241;222m▘[48;2;254;254;254m  [38;2;254;254;254;48;2;254;253;253m┈[38;2;254;253;252;48;2;251;208;148m▇[48;2;254;254;254m [38;2;252;216;164;48;2;254;251;247m▁▁[48;2;254;254;254m [38;2;254;253;252;48;2;251;208;148m▇[38;2;254;254;254;48;2;254;253;253m┈[48;2;254;254;254m  [38;2;249;176;63;48;2;253;240;222m▝[48;2;248;167;37m       [0m[7m[38;2;202;131;37m▗[0m[38;2;53;14;36m [0m
  [7m[38;2;213;140;37m▄[0m[38;2;248;167;37;48;2;245;164;37m┈[48;2;248;167;37m    [48;2;250;195;117m▉[38;2;254;254;254;48;2;254;253;252m┈[48;2;254;254;254m  [38;2;250;196;121;48;2;254;253;251m▁[38;2;249;181;76;48;2;254;252;250m▃[38;2;248;173;54;48;2;253;244;232m▅[38;2;248;168;39;48;2;250;194;109m▇▇[38;2;248;173;54;48;2;253;244;232m▅[38;2;249;181;76;48;2;254;252;250m▃[38;2;250;196;121;48;2;254;253;251m▁[48;2;254;254;254m  [38;2;254;254;254;48;2;254;253;252m┈[38;2;250;194;116;48;2;248;167;37m▏    [38;2;248;167;37;48;2;245;164;37m┈[0m[7m[38;2;213;140;37m▄[0m [38;2;48;10;36m [0m
 [38;2;0;0;0m  [38;2;167;103;36m▝[7m[38;2;235;157;37m▃[0m[38;2;248;167;37;48;2;244;164;37m┈[48;2;248;167;37m  [48;2;249;186;92m▉[38;2;248;169;44;48;2;254;251;249m▅[48;2;254;248;242m▆[38;2;248;168;40;48;2;252;225;195m▇[48;2;248;167;37m        [48;2;252;225;195m▇[38;2;248;169;44;48;2;254;248;242m▆[48;2;254;251;249m▅[38;2;249;186;92;48;2;248;167;37m▏  [38;2;248;167;37;48;2;244;164;37m┈[0m[7m[38;2;235;157;37m▃[0m[38;2;167;103;36m▘   [0m
 [38;2;0;0;0m    [7m[38;2;158;96;36m▇[38;2;238;159;37m▅[38;2;234;156;37m▂[0m[38;2;175;110;36;48;2;248;167;37m▁              [38;2;176;110;36m▁[0m[7m[38;2;234;156;37m▂[38;2;238;159;37m▅[38;2;158;96;36m▇[0m[38;2;54;15;36m     [0m
 [38;2;0;0;0m       [0m [7m[38;2;188;120;36m▆[38;2;229;152;37m▅[38;2;239;160;37m▄[38;2;238;159;37m▃[38;2;248;167;37m▃[38;2;242;163;37m▂[38;2;248;167;37m▂▂[38;2;243;163;37m▂[38;2;248;167;37m▃[38;2;238;159;37m▃[38;2;239;160;37m▄[38;2;229;152;37m▅[38;2;188;120;36m▆[0m [38;2;48;10;36m        [0m
[?25h