[?25l[0m [38;2;0;0;0m               [0m [38;2;154;76;164m▄[38;2;129;64;185m▇[38;2;122;67;188m▅[38;2;106;78;179m▂           [0m
 [38;2;0;0;0m             [38;2;160;73;85m▂[38;2;205;100;133m▅[38;2;136;68;187;48;2;157;78;171m┈[48;2;126;63;190m   [38;2;126;65;192;48;2;126;88;215m▇[0m[38;2;122;84;206m▆[38;2;107;97;200m▃[0m [38;2;48;10;36m        [0m
 [38;2;0;0;0m           [38;2;174;81;91m▂[38;2;237;117;122m▅[38;2;152;76;178;48;2;234;116;133m▄[38;2;126;63;190;48;2;131;65;188m┈[48;2;126;63;190m      [38;2;126;106;233;48;2;126;65;192m▝[0m[38;2;124;106;230m▆[38;2;110;103;210m▃[0m [38;2;48;10;36m      [0m
 [38;2;0;0;0m         [38;2;181;85;94m▂[38;2;243;120;121m▅[38;2;171;85;169;48;2;249;124;127m▗[38;2;215;107;147;48;2;130;65;188m▘[48;2;126;63;190m         [38;2;126;63;190;48;2;126;64;191m┈[38;2;126;74;201;48;2;126;115;242m▄[0m[7m[38;2;123;121;245m▝[0m[38;2;115;109;223m▖     [0m
 [38;2;0;0;0m       [38;2;184;87;96m▂[38;2;244;121;122m▅[38;2;254;126;126;48;2;250;124;127m┈[38;2;147;73;180;48;2;233;116;138m▄[38;2;126;63;190;48;2;129;64;189m┈[48;2;126;63;190m            [38;2;126;113;240;48;2;126;66;193m▝[38;2;126;101;229;48;2;126;123;251m▁[0m[7m[38;2;119;116;235m▝[0m[38;2;92;75;159m▖   [0m
 [38;2;0;0;0m     [38;2;185;87;96m▗[38;2;245;121;122m▅[48;2;254;126;126m [38;2;167;83;171;48;2;250;124;128m▗[38;2;210;104;150;48;2;129;65;188m▘[48;2;126;63;190m               [38;2;126;95;222m▝[38;2;126;93;220;48;2;126;126;254m▖[38;2;126;126;254;48;2;123;122;247m┈[0m[38;2;108;99;204m▄[0m [38;2;48;10;36m [0m
 [38;2;0;0;0m   [38;2;185;87;96m▗[38;2;245;121;122m▅[48;2;254;126;126m [38;2;254;126;126;48;2;251;124;128m┈[38;2;147;73;181;48;2;232;115;138m▄[38;2;126;63;190;48;2;129;64;189m┈[48;2;126;63;190m                 [38;2;126;100;228;48;2;126;64;191m▝[38;2;126;126;254;48;2;126;123;251m┈[48;2;126;126;254m [0m[7m[38;2;115;110;225m▝[0m [0m
 [38;2;0;0;0m [38;2;182;86;95m▗[38;2;244;120;122m▅[38;2;254;126;126;48;2;253;126;126m┈[48;2;254;126;126m [38;2;168;84;171;48;2;250;124;128m▗[38;2;210;104;150;48;2;129;65;188m▘[48;2;126;63;190m                    [38;2;126;69;196;48;2;126;124;252m▍[48;2;126;126;254m  [0m[7m[38;2;109;100;206m▝[0m
[38;2;177;83;93m▗[38;2;243;120;121m▅[38;2;254;126;126;48;2;253;126;126m┈[48;2;254;126;126m [48;2;251;125;128m┈[38;2;148;74;180;48;2;233;116;137m▄[38;2;126;63;190;48;2;129;64;189m┈[48;2;126;63;190m                    [48;2;126;66;193m┈[38;2;126;84;211;48;2;126;124;252m▘[48;2;126;126;254m  [38;2;126;126;253;48;2;87;68;145m▉[0m
[7m[38;2;218;106;110m▇[38;2;215;104;109m▆[38;2;253;126;126m▆[38;2;237;117;119m▅[0m[38;2;125;122;248;48;2;188;93;160m▅[38;2;126;126;254;48;2;126;71;198m▄[48;2;126;66;192m▄[38;2;126;124;251;48;2;126;63;190m▄[38;2;126;119;247m▄[38;2;126;126;254;48;2;126;66;193m▃[38;2;126;124;252;48;2;126;63;190m▃[38;2;126;120;247m▃[38;2;126;126;254;48;2;126;67;194m▂[48;2;126;64;191m▂[38;2;126;122;249;48;2;126;63;190m▂[38;2;126;116;243m▂[38;2;126;109;235m▂[38;2;126;126;254;48;2;126;65;192m▁[38;2;126;125;253;48;2;126;64;191m▁[38;2;126;121;249;48;2;126;63;190m▁[38;2;126;116;242m▁[38;2;126;114;240m▁[38;2;126;118;245m▁[38;2;126;126;254;48;2;126;64;191m▁[38;2;126;118;245;48;2;126;63;190m▂[38;2;126;120;247;48;2;126;64;191m▃[38;2;126;125;253;48;2;126;72;199m▄[38;2;126;124;251;48;2;126;93;220m▇[48;2;126;126;254m  [0m[7m[38;2;123;122;246m▁[0m[38;2;123;122;247m▘[0m
  [38;2;119;116;235m▗[38;2;126;126;254;48;2;121;118;240m┈[38;2;110;103;211;48;2;126;126;254m▁[38;2;116;111;226m▁[38;2;120;118;239m▁[38;2;123;122;246m▁[38;2;125;124;251m▁▁[38;2;123;122;247m▁[38;2;120;118;238m▁[38;2;116;110;225m▁[38;2;110;102;210m▁[38;2;104;94;193m▁[38;2;97;83;173m▁[38;2;87;68;144m▁[0m[7m[38;2;126;126;254m▁▁[38;2;126;125;253m▁[38;2;123;121;245m▁[38;2;126;126;254m▂▂[38;2;124;124;250m▂[38;2;120;117;237m▂[38;2;126;126;253m▃[38;2;121;119;240m▃[38;2;124;123;249m▄[38;2;122;121;244m▅[38;2;106;97;200m▆[0m [38;2;48;10;36m [0m
[?25h