[?25l[0m [38;2;0;0;0m      [0m [38;2;76;142;194m▂▄[38;2;78;154;208m▅[38;2;79;157;212m▆[38;2;79;155;210m▇[38;2;80;161;217m▇[48;2;72;125;174m▇[48;2;78;156;211m▇▇[48;2;72;125;174m▇[0m[38;2;80;161;217m▇[38;2;79;155;210m▇[38;2;79;157;212m▆[38;2;78;154;208m▅[38;2;76;142;194m▄▂[0m [38;2;48;10;36m       [0m
 [38;2;0;0;0m   [0m [38;2;77;148;201m▃[38;2;78;151;205m▆[38;2;80;161;217;48;2;79;156;211m┈[48;2;80;161;217m                [48;2;79;156;211m┈[0m[38;2;78;151;205m▆[38;2;77;148;201m▃[0m [38;2;60;69;107m    [0m
 [38;2;0;0;0m [0m [38;2;77;149;202m▄[38;2;80;161;217;48;2;78;154;208m┈[48;2;80;161;217m           [38;2;134;187;227m▁[38;2;226;237;247;48;2;81;161;217m▂[38;2;230;239;248;48;2;80;161;217m▃[38;2;238;244;249m▃[38;2;251;252;253;48;2;88;164;218m▂[38;2;230;239;247;48;2;86;164;218m▁[48;2;80;161;217m     [38;2;80;161;217;48;2;78;154;208m┈[0m[38;2;77;149;202m▄[0m [38;2;60;68;105m  [0m
 [38;2;75;138;190m▗[38;2;79;155;209;48;2;66;97;141m▇[48;2;80;161;217m           [38;2;162;203;234m▗[38;2;243;248;251;48;2;116;179;224m▅[38;2;254;254;254;48;2;249;251;253m┈[48;2;252;252;253m┈[38;2;83;162;217;48;2;244;248;251m▁[38;2;95;167;219;48;2;254;254;254m▂[38;2;110;175;222;48;2;249;251;253m▁[48;2;254;254;254m [38;2;248;250;252;48;2;145;193;229m▇[38;2;228;239;248;48;2;101;171;221m▄[38;2;80;161;217;48;2;83;162;217m┈[48;2;80;161;217m    [38;2;79;155;209;48;2;66;98;141m▇[0m[38;2;75;139;190m▖ [0m
[38;2;73;130;180m▗[38;2;80;161;217;48;2;79;157;212m┈[48;2;80;161;217m            [38;2;102;170;220;48;2;245;249;252m▎[48;2;254;254;254m [38;2;254;254;254;48;2;169;207;235m▉[38;2;154;199;232;48;2;82;162;217m▘[48;2;80;161;217m   [38;2;108;175;222;48;2;246;249;252m▊[48;2;254;254;254m  [38;2;243;247;251;48;2;96;168;220m▍[48;2;80;161;217m     [38;2;80;161;217;48;2;79;157;212m┈[0m[38;2;73;131;180m▖[0m
[7m[38;2;79;155;209m▎[0m[38;2;57;54;89;48;2;80;161;217m             [38;2;120;178;223;48;2;254;254;254m▎ [38;2;254;254;254;48;2;93;166;219m▉[48;2;80;161;217m    [38;2;80;161;217;48;2;88;165;218m┈[48;2;228;239;248m▄[48;2;239;245;250m▄[38;2;90;166;219;48;2;150;198;232m▇[48;2;80;161;217m      [0m[38;2;79;155;210m▊[0m
[38;2;80;161;217;48;2;80;159;215m┈[48;2;80;161;217m      [38;2;208;227;243;48;2;84;163;217m▂[38;2;233;242;249;48;2;81;161;217m▄[38;2;245;248;251;48;2;80;161;217m▅[38;2;254;254;254;48;2;102;170;220m▅[48;2;111;175;222m▅[38;2;241;245;250;48;2;80;161;217m▆[38;2;142;188;227m▏[38;2;119;178;223;48;2;254;254;254m▎ [38;2;254;254;254;48;2;247;250;252m┈[38;2;241;246;250;48;2;80;161;217m▆[38;2;242;246;250m▆[38;2;253;254;254;48;2;104;172;221m▅[38;2;241;246;251;48;2;87;164;218m▖[48;2;80;161;217m          [38;2;80;161;217;48;2;76;142;194m▉[0m
[7m[38;2;80;161;217m [0m[38;2;0;0;0;48;2;80;161;217m    [38;2;208;228;243;48;2;83;162;217m▗[38;2;246;249;252;48;2;147;195;230m▆[48;2;254;254;254m [38;2;181;213;237;48;2;253;253;254m▂[38;2;88;164;218;48;2;243;247;251m▃[38;2;80;161;217;48;2;241;246;250m▄[38;2;96;168;219;48;2;254;254;254m▅[38;2;95;167;219m▅[38;2;118;177;223;48;2;80;161;217m▏[38;2;119;178;223;48;2;254;254;254m▎ [38;2;254;254;254;48;2;156;200;233m▉[38;2;95;167;219;48;2;254;254;254m▅[38;2;94;167;219m▅[38;2;87;164;218;48;2;251;252;253m▅[38;2;155;200;232;48;2;80;161;217m▘          [0m[38;2;79;155;210m▊[0m
[7m[38;2;80;161;217m [0m[38;2;0;0;0;48;2;80;161;217m    [38;2;150;195;230;48;2;247;250;252m▏[48;2;254;254;254m [38;2;251;252;253;48;2;142;193;230m▊[38;2;80;161;217;48;2;86;164;218m┈[48;2;80;161;217m     [38;2;121;179;224;48;2;254;254;254m▎ [38;2;253;254;254;48;2;87;164;218m▉[48;2;80;161;217m             [38;2;80;161;217;48;2;79;157;212m┈[0m[38;2;73;131;181m▘[0m
[7m[38;2;80;161;217m [0m[38;2;0;0;0;48;2;80;161;217m    [38;2;94;168;220;48;2;223;237;247m▖[48;2;254;254;254m [38;2;254;254;254;48;2;247;250;252m┈[38;2;233;242;249;48;2;102;172;221m▃[38;2;181;212;237;48;2;82;162;217m▁[48;2;80;161;217m  [38;2;187;215;238;48;2;83;162;217m▁[38;2;236;244;250;48;2;107;175;222m▃[38;2;254;254;254;48;2;250;252;253m┈[48;2;254;254;254m [38;2;84;163;218;48;2;205;227;243m▗[48;2;80;161;217m            [38;2;66;98;141;48;2;79;155;210m▁[0m[38;2;75;139;190m▘ [0m
[7m[38;2;80;161;217m [0m[38;2;0;0;0;48;2;80;161;217m    [38;2;80;161;217;48;2;81;161;217m┈[38;2;91;167;219;48;2;218;234;246m▅[38;2;95;168;219;48;2;241;246;251m▂[38;2;183;212;237;48;2;254;254;254m▁ [38;2;254;254;254;48;2;197;217;238m▇[48;2;200;219;239m▇[48;2;254;254;254m [38;2;166;204;233;48;2;253;253;254m▁[38;2;115;178;224;48;2;250;251;253m▃[38;2;87;164;218;48;2;204;226;242m▅[48;2;80;161;217m           [38;2;80;161;217;48;2;78;154;208m┈[0m[7m[38;2;77;149;203m▄[0m [38;2;49;14;41m  [0m
[38;2;80;161;217;48;2;79;156;211m┊[48;2;80;161;217m       [48;2;81;161;217m┈[48;2;213;227;243m▇[38;2;89;164;218;48;2;254;254;254m▇[38;2;88;164;218m▇[38;2;80;161;217;48;2;202;221;240m▇[48;2;80;161;217m           [48;2;79;156;211m┈[0m[7m[38;2;78;151;205m▂[38;2;77;148;202m▅[0m [38;2;48;12;38m    [0m
[38;2;74;134;185m▝[7m[38;2;77;149;202m▂[38;2;80;160;216m▁[0m[38;2;80;161;217;48;2;80;160;216m┈[48;2;80;161;217m            [38;2;78;156;211m▁[38;2;72;125;174m▁[0m[7m[38;2;80;161;217m▁[38;2;79;155;210m▁[38;2;79;157;212m▂[38;2;78;154;208m▃[38;2;76;142;194m▄▆[0m [38;2;48;10;36m       [0m
[?25h