[?25l[0m [38;2;0;0;0m     [38;2;127;112;168m▁[38;2;160;151;198m▃[38;2;209;206;228m▄[38;2;208;204;225m▆[38;2;212;209;228m▇[38;2;251;251;252;48;2;137;125;175m▅[38;2;254;254;254;48;2;159;152;202m▅[38;2;253;253;254;48;2;163;157;208m▅[38;2;243;243;251;48;2;147;137;194m▅[0m[38;2;202;198;234m▇[38;2;187;182;233m▆[38;2;163;155;228m▅[38;2;134;119;212m▄[38;2;126;109;204m▂[0m [38;2;48;10;36m           [0m
 [38;2;0;0;0m  [38;2;103;80;144m▁[38;2;157;146;212m▄[38;2;208;204;236m▆[38;2;247;247;251;48;2;167;160;215m▆[38;2;254;254;254;48;2;251;251;253m┈[48;2;254;254;254m      [38;2;253;253;254;48;2;249;249;253m▌[38;2;245;245;252;48;2;241;241;252m▌[38;2;237;236;251;48;2;233;232;250m▌[38;2;228;228;249;48;2;224;224;249m▌[38;2;217;217;247;48;2;176;168;247m▇[38;2;209;208;246;48;2;156;146;247m▅[38;2;174;168;246;48;2;110;89;172m▇[0m[38;2;152;142;230m▆[38;2;152;141;238m▃[38;2;121;102;185m▁        [0m
  [38;2;149;136;231m▄[38;2;221;218;252;48;2;205;199;242m┈[38;2;254;254;254;48;2;251;250;253m┈[48;2;254;254;254m         [38;2;238;237;251;48;2;252;252;254m╶[38;2;213;212;247;48;2;242;242;252m▗[38;2;185;182;244;48;2;237;237;251m▃[38;2;166;157;245;48;2;226;225;249m▁[38;2;223;223;248;48;2;219;218;248m▌[38;2;215;214;247;48;2;210;210;246m▌[38;2;206;205;245;48;2;202;201;244m▌[38;2;197;197;244;48;2;193;192;243m▌[38;2;187;186;242;48;2;173;167;244m▆[38;2;177;173;244;48;2;156;147;243m▇[0m[38;2;169;163;238m▆[38;2;156;146;217m▄[0m [38;2;96;72;127m     [0m
 [7m[38;2;152;142;244m▘[0m[38;2;180;172;249;48;2;247;247;253m▘[48;2;254;254;254m        [38;2;254;254;254;48;2;248;248;253m┊[38;2;214;214;247;48;2;252;252;254m▂[38;2;160;150;238;48;2;245;245;252m▗[38;2;150;140;238;48;2;254;254;254m▆[38;2;151;140;237;48;2;239;239;251m▆[38;2;148;138;236;48;2;183;180;244m▅[38;2;149;139;238;48;2;150;142;213m▉[38;2;114;108;153;48;2;192;189;228m▆[38;2;92;86;127;48;2;200;199;234m▖[38;2;207;207;245;48;2;203;202;245m▌[38;2;199;198;244;48;2;194;193;243m▌[38;2;190;189;242;48;2;187;186;242m▍[38;2;185;183;243;48;2;182;180;243m▌[38;2;180;177;243;48;2;178;174;244m▌[38;2;174;170;244;48;2;182;179;243m▅[38;2;190;188;244;48;2;181;177;241m┈[0m[38;2;194;191;238m▅[38;2;150;137;186m▃[0m [38;2;48;10;36m  [0m
[7m[38;2;135;121;219m▊[0m[38;2;167;160;245;48;2;150;140;239m▝[38;2;244;244;253;48;2;181;176;244m▝[38;2;194;191;245;48;2;252;252;254m▃[38;2;223;222;249;48;2;254;254;254m▁      [38;2;254;254;254;48;2;251;251;254m┈[38;2;243;242;251;48;2;176;170;246m▄[38;2;243;243;244;48;2;160;153;228m▁[0m[7m[38;2;129;119;188m╺[38;2;109;95;160m╾[38;2;118;103;175m┒[0m[38;2;149;139;227;48;2;122;112;184m╴[38;2;177;176;207;48;2;89;83;127m▁[38;2;81;75;117;48;2;183;181;218m▘[38;2;207;206;245;48;2;202;201;244m▌[38;2;198;197;244;48;2;193;193;243m▌[38;2;190;189;242;48;2;187;185;242m▍[38;2;184;182;243;48;2;182;179;243m▌[38;2;180;176;243;48;2;177;173;244m▌[38;2;175;170;244;48;2;172;167;244m▌[38;2;170;164;244;48;2;168;161;245m▌[38;2;165;158;245;48;2;193;189;246m▆[38;2;166;158;246;48;2;214;212;248m▖[0m[38;2;222;220;241m▆[38;2;195;188;219m▖ [0m
 [7m[38;2;121;103;181m▄[0m[38;2;98;75;131;48;2;149;139;229m▂[38;2;150;140;227;48;2;177;174;240m▅[38;2;152;143;226;48;2;187;185;241m▃[38;2;187;185;239;48;2;236;236;251m▆[38;2;207;206;245;48;2;252;252;254m▅[38;2;212;212;246;48;2;251;251;253m▃[38;2;224;223;248;48;2;253;253;254m▂[38;2;254;254;254m┈[48;2;254;254;254m    [38;2;252;252;254;48;2;206;205;213m▇[38;2;238;238;246;48;2;82;76;118m▇[38;2;235;235;250;48;2;110;106;140m▆[38;2;225;225;247;48;2;122;118;153m▇[38;2;221;220;248;48;2;217;216;247m▌[38;2;213;212;246;48;2;208;208;246m▌[38;2;204;203;245;48;2;200;199;244m▌[38;2;195;195;243;48;2;191;190;242m▌[38;2;188;187;242;48;2;186;184;242m▍[38;2;183;181;243;48;2;181;178;243m▌[38;2;178;175;243;48;2;176;172;244m▌[38;2;174;169;244;48;2;171;166;244m▌[38;2;169;163;245;48;2;167;160;245m▌[38;2;164;157;245;48;2;162;154;246m▌[38;2;160;151;246;48;2;157;148;246m▌[38;2;172;164;248;48;2;245;245;253m▋[38;2;254;254;254;48;2;250;250;253m┈[0m[7m[38;2;163;152;187m▝[0m
 [38;2;0;0;0m [0m [7m[38;2;120;102;168m▆[38;2;137;124;197m▄[38;2;150;140;217m▃[38;2;154;145;215m▁[0m[38;2;155;147;216;48;2;213;212;245m▆[38;2;173;167;223;48;2;223;223;248m▅[38;2;204;201;235;48;2;234;234;250m╴[38;2;239;238;251;48;2;250;250;253m▘[48;2;254;254;254m  [38;2;251;251;254;48;2;253;253;254m▁[38;2;251;251;253;48;2;246;245;252m▘[38;2;236;235;251;48;2;240;240;251m▗[38;2;227;227;249;48;2;232;232;250m▗[38;2;225;224;249;48;2;221;220;248m▌[38;2;216;216;247;48;2;212;212;246m▌[38;2;208;208;246;48;2;204;203;245m▌[38;2;200;199;244;48;2;196;195;243m▌[38;2;192;191;243;48;2;188;187;242m▍[38;2;186;184;242;48;2;183;181;243m▌[38;2;181;178;243;48;2;179;175;243m▌[38;2;176;172;244;48;2;174;169;244m▋[38;2;172;167;244;48;2;170;164;245m▌[38;2;167;161;245;48;2;165;158;245m▌[38;2;161;153;246;48;2;162;154;246m┊[38;2;231;229;252m▃[38;2;191;185;249;48;2;252;252;254m▘[38;2;181;176;211;48;2;249;249;251m▗[38;2;157;151;200;48;2;160;152;195m┊[0m
 [38;2;0;0;0m    [0m [38;2;227;223;229m▃[7m[38;2;238;236;244m▘[0m[38;2;254;254;254;48;2;252;251;253m┈[48;2;253;253;254m▇[48;2;254;254;254m  [38;2;250;250;253;48;2;253;253;254m▗[38;2;243;243;252;48;2;248;248;253m▗[38;2;235;235;251;48;2;241;240;251m▗[38;2;236;235;251;48;2;230;230;249m▘[38;2;228;227;249;48;2;222;222;248m▘[38;2;212;212;246;48;2;217;217;247m▗[38;2;204;204;245;48;2;209;208;246m▗[38;2;204;203;245;48;2;199;198;244m▘[38;2;196;195;243;48;2;191;190;242m▘[38;2;184;182;243;48;2;187;185;242m▗[38;2;184;181;243;48;2;181;178;243m▘[38;2;178;175;243;48;2;176;172;244m▌[38;2;174;169;244;48;2;171;166;244m▌[38;2;214;211;250;48;2;171;165;245m▁[38;2;242;241;253;48;2;171;164;246m▄[38;2;253;253;254;48;2;208;205;250m▆[38;2;188;184;211;48;2;250;250;251m▂[38;2;156;150;192;48;2;234;233;241m▅[0m[7m[38;2;146;138;182m▁[0m[38;2;144;136;180m▘[0m
 [38;2;0;0;0m  [38;2;196;187;199m▂[38;2;236;234;238m▅[38;2;252;252;253;48;2;186;176;191m▇[48;2;254;254;254m    [38;2;251;251;254m▁[38;2;247;247;253;48;2;252;252;254m▃[38;2;241;241;252;48;2;247;247;253m▄[38;2;234;234;250;48;2;240;239;251m▄[38;2;227;227;249;48;2;233;232;250m▄[48;2;221;221;248m▘[38;2;211;211;246;48;2;217;216;247m▗[38;2;212;211;246;48;2;206;206;245m▘[38;2;196;195;243;48;2;201;201;244m▗[38;2;197;196;243;48;2;191;190;242m▘[38;2;189;188;242;48;2;186;184;242m▘[38;2;180;177;243;48;2;183;180;243m▗[38;2;203;201;247;48;2;179;175;243m▁[38;2;242;241;252;48;2;178;174;244m▃[38;2;252;252;254;48;2;192;187;247m▅[38;2;214;212;226;48;2;252;252;253m▁[38;2;152;147;185;48;2;246;246;249m▃[38;2;145;139;181;48;2;231;230;238m▆[0m[7m[38;2;137;131;175m▂[38;2;130;120;163m▅[0m [38;2;48;10;36m [0m
 [38;2;206;200;210m▗[38;2;240;238;241m▆[48;2;254;254;254m    [38;2;252;252;254m▁[38;2;249;249;253;48;2;253;253;254m▂[38;2;246;246;253;48;2;252;252;254m▄[38;2;240;240;252;48;2;247;247;253m▄[38;2;235;234;250;48;2;241;241;252m▄[38;2;229;228;249;48;2;235;235;251m▄[38;2;223;222;248;48;2;229;228;249m▄[38;2;216;216;247;48;2;222;221;248m▄[38;2;210;209;246;48;2;215;214;247m▄[38;2;203;202;245;48;2;208;207;246m▄[38;2;196;195;243;48;2;201;200;244m▄[38;2;195;195;243;48;2;190;189;242m▘[38;2;227;226;249;48;2;188;187;242m▁[38;2;248;248;253;48;2;188;186;244m▃[38;2;252;252;254;48;2;196;193;245m▅[38;2;203;201;217;48;2;250;250;253m▁[38;2;146;141;178;48;2;249;249;250m▃[38;2;132;126;169;48;2;233;232;239m▅[38;2;92;73;110;48;2;134;128;170m▁[0m[7m[38;2;123;114;157m▃[38;2;112;98;139m▆[0m[38;2;52;16;43m    [0m
[38;2;225;223;234m▗[38;2;254;254;254;48;2;251;251;252m┈[38;2;250;250;253;48;2;254;254;254m▂[38;2;249;249;253;48;2;253;253;254m▂[38;2;248;248;253m▃[38;2;245;245;252;48;2;252;252;254m▃[38;2;243;243;252;48;2;251;251;254m▄[38;2;240;239;251;48;2;247;247;253m▄[38;2;235;235;251;48;2;243;243;252m▄[38;2;231;231;250;48;2;238;238;251m▄[38;2;226;226;249;48;2;233;233;250m▄[38;2;221;220;248;48;2;228;228;249m▄[38;2;216;215;247;48;2;222;222;248m▄[38;2;210;209;246;48;2;216;216;247m▄[38;2;204;203;245;48;2;210;209;246m▄[38;2;220;219;248;48;2;202;201;244m▁[38;2;250;250;253;48;2;200;199;244m▂[38;2;252;252;254;48;2;198;197;244m▄[38;2;252;252;253;48;2;207;206;246m▆[38;2;156;152;182;48;2;252;252;252m▂[38;2;134;129;167;48;2;250;250;251m▄[38;2;126;120;161;48;2;238;238;242m▆[38;2;84;63;99;48;2;122;116;159m▁[0m[7m[38;2;116;109;152m▃[38;2;105;93;133m▅[0m [38;2;48;10;36m      [0m
[38;2;218;217;229;48;2;130;123;164m▝[38;2;254;254;254;48;2;250;250;251m┈[38;2;241;241;252;48;2;247;247;253m┗[38;2;234;233;250;48;2;242;242;252m▄[38;2;232;231;250;48;2;240;240;252m▄[38;2;229;229;249;48;2;238;237;251m▄[38;2;226;226;249;48;2;235;234;250m▄[38;2;223;223;248;48;2;231;231;250m▄[38;2;220;219;248;48;2;228;227;249m▄[38;2;216;215;247;48;2;223;223;248m▄[38;2;231;230;250;48;2;216;215;247m▁[38;2;246;246;252;48;2;212;212;246m▂[38;2;252;252;254;48;2;210;210;246m▃[38;2;250;250;253;48;2;206;205;245m▅[38;2;202;201;214;48;2;242;242;252m▁[38;2;128;123;159;48;2;249;249;250m▂[38;2;124;119;157;48;2;251;251;252m▄[38;2;110;105;147;48;2;228;227;234m▅[38;2;111;105;148;48;2;188;186;205m▇[0m[7m[38;2;110;104;147m▂[38;2;109;102;145m▄[38;2;103;93;134m▆[0m [38;2;48;10;36m         [0m
[38;2;118;111;155m▝[38;2;114;108;152;48;2;140;134;168m┈[38;2;127;122;159;48;2;246;246;248m▃[38;2;123;118;155;48;2;247;247;250m▁[38;2;215;214;222;48;2;246;246;253m▁[38;2;250;250;251;48;2;223;222;248m▆[38;2;246;246;249;48;2;220;220;248m▆[38;2;154;151;175;48;2;244;244;252m▁[38;2;103;97;140;48;2;241;240;248m▁[38;2;109;104;144;48;2;247;247;251m▂[38;2;110;104;144;48;2;251;250;251m▃[38;2;106;100;142;48;2;247;247;248m▄[38;2;103;97;139;48;2;235;234;239m▅[38;2;109;104;144;48;2;242;242;244m▇[38;2;101;95;138;48;2;103;96;138m┈[0m[7m[38;2;102;96;139m▂[38;2;98;89;130m▃[38;2;96;85;126m▅[38;2;81;62;98m▇[0m[38;2;49;12;38m             [0m
 [7m[38;2;78;57;92m▇[38;2;97;87;128m▄[38;2;99;91;132m▂[38;2;99;93;135m▁[0m[38;2;79;63;100;48;2;99;93;136m▁[38;2;90;82;124;48;2;98;92;135m▁[38;2;83;72;112;48;2;97;91;134m▁[0m[7m[38;2;96;90;133m▁[38;2;93;85;127m▁[38;2;92;84;126m▂[38;2;90;81;122m▃[38;2;94;87;129m▅[38;2;88;76;116m▆[0m [38;2;48;10;36m                 [0m
[?25h