[?25l[0m [38;2;0;0;0m      [0m [38;2;6;88;226m▂[38;2;6;88;227m▄[38;2;2;95;243m▅[38;2;1;97;247m▆[38;2;2;96;245m▇[38;2;0;100;254m▇[48;2;11;77;200m▇[48;2;1;96;246m▇▇[48;2;11;77;200m▇[0m[38;2;0;100;254m▇[38;2;2;96;245m▇[38;2;1;97;247m▆[38;2;2;95;243m▅[38;2;6;88;226m▄▂[0m [38;2;48;10;36m       [0m
 [38;2;0;0;0m   [0m [38;2;4;92;235m▃[38;2;3;94;239m▆[38;2;0;100;254;48;2;1;97;247m┈[48;2;0;100;254m    [38;2;119;168;254m▗[38;2;245;247;254;48;2;1;100;254m▃[38;2;230;235;254;48;2;0;100;254m▄[38;2;205;220;254;48;2;9;104;254m▖[48;2;0;100;254m    [38;2;0;100;254;48;2;3;101;254m┈┈[48;2;0;100;254m  [48;2;1;97;247m┈[0m[38;2;3;94;239m▆[38;2;4;92;235m▃[0m [38;2;29;45;122m    [0m
 [38;2;0;0;0m [0m [38;2;4;93;236m▄[38;2;0;100;254;48;2;2;96;243m┈[48;2;0;100;254m  [38;2;90;145;254m▁    [38;2;2;101;254;48;2;120;169;254m▊[38;2;254;254;254;48;2;251;252;254m┈[48;2;254;254;254m [48;2;244;247;254m┈[38;2;223;233;254;48;2;42;123;254m▖[38;2;235;239;254;48;2;3;101;254m▁[38;2;185;200;254;48;2;5;102;254m▁[38;2;214;228;254;48;2;19;110;254m▄[38;2;241;245;254;48;2;103;158;254m▇[38;2;253;253;254;48;2;145;181;254m▇[38;2;235;241;254;48;2;17;108;254m▆[38;2;107;162;254;48;2;10;105;254m╴[48;2;0;100;254m   [38;2;0;100;254;48;2;2;96;243m┈[0m[38;2;4;93;236m▄[0m [38;2;29;45;120m  [0m
 [38;2;7;86;222m▗[38;2;2;96;245;48;2;20;62;163m▇[48;2;0;100;254m  [38;2;0;100;254;48;2;6;103;254m┈[38;2;224;234;254;48;2;44;124;254m▅[38;2;254;254;254;48;2;249;250;254m┈[38;2;248;250;254;48;2;83;146;254m▆[38;2;225;234;254;48;2;15;108;254m▄[38;2;131;174;254;48;2;1;100;254m▂[48;2;0;100;254m  [38;2;58;133;254;48;2;235;240;254m▍[38;2;66;128;254;48;2;253;253;254m▁[38;2;0;100;254;48;2;246;247;254m▁▁[38;2;66;128;254;48;2;253;253;254m▁[38;2;254;254;254;48;2;252;252;254m┈[48;2;254;254;254m   [38;2;227;236;254;48;2;54;130;254m▌[48;2;0;100;254m      [38;2;2;96;245;48;2;20;62;163m▇[0m[38;2;7;86;222m▖ [0m
[38;2;9;82;210m▗[38;2;0;100;254;48;2;1;97;248m┈[48;2;0;100;254m    [38;2;136;179;254;48;2;6;103;254m▝[38;2;28;115;254;48;2;225;235;254m▖[48;2;254;254;254m  [38;2;166;197;254;48;2;249;250;254m▁[38;2;190;211;254;48;2;45;125;254m▘[48;2;0;100;254m      [38;2;0;100;254;48;2;86;142;254m▇[38;2;10;105;254;48;2;217;228;254m▆[38;2;41;122;254;48;2;243;246;254m▄[38;2;167;198;254;48;2;250;251;254m▁[38;2;254;254;254;48;2;246;249;254m┈[38;2;242;245;254;48;2;29;116;254m▅[38;2;244;246;254;48;2;0;100;254m▅[38;2;253;253;254;48;2;18;106;254m▅[38;2;239;242;254;48;2;0;100;254m▆[38;2;207;223;254;48;2;13;107;254m▖[48;2;0;100;254m  [38;2;0;100;254;48;2;1;97;248m┈[0m[38;2;9;82;210m▖[0m
[7m[38;2;2;96;245m▎[0m[38;2;33;37;101;48;2;0;100;254m  [38;2;0;100;254;48;2;3;101;254m┈[38;2;231;236;254;48;2;4;101;254m▁[38;2;226;232;254;48;2;0;100;254m▂[38;2;218;227;254m▃[38;2;29;115;254;48;2;232;240;254m▘[48;2;254;254;254m [38;2;89;151;254;48;2;251;252;254m▗[38;2;99;157;254;48;2;0;100;254m▘          [38;2;12;107;254;48;2;111;165;254m▇[38;2;88;150;254;48;2;251;252;254m▖[38;2;254;254;254;48;2;250;251;254m┈[38;2;26;110;254;48;2;247;248;254m▁[38;2;5;102;254;48;2;241;244;254m▂[38;2;0;100;254;48;2;231;237;254m▃[48;2;177;204;254m▄[48;2;0;100;254m   [0m[38;2;2;96;245m▊[0m
[38;2;6;88;227;48;2;0;100;254m▏  [38;2;0;100;254;48;2;222;230;254m▊[48;2;254;254;254m     [38;2;254;254;254;48;2;23;112;254m▍[48;2;0;100;254m            [38;2;11;105;254;48;2;86;145;254m▇[38;2;5;102;254;48;2;50;122;254m▇[48;2;0;100;254m       [38;2;0;100;254;48;2;6;88;227m▉[0m
[7m[38;2;2;96;245m▎[0m[38;2;33;37;101;48;2;0;100;254m  [38;2;0;100;254;48;2;3;101;254m┈[38;2;4;101;254;48;2;231;236;254m▇[38;2;0;100;254;48;2;226;232;254m▆[48;2;218;227;254m▅[38;2;29;115;254;48;2;232;240;254m▖[48;2;254;254;254m [38;2;88;150;254;48;2;251;252;254m▝[38;2;100;157;254;48;2;0;100;254m▖          ▗[38;2;88;150;254;48;2;251;252;254m▘[38;2;254;254;254;48;2;209;219;254m▇[38;2;243;246;254;48;2;13;104;254m▇[38;2;235;240;254;48;2;0;100;254m▆[38;2;252;252;254;48;2;26;113;254m▄[38;2;197;217;254;48;2;14;106;254m▃[48;2;0;100;254m   [0m[38;2;2;96;245m▊[0m
[38;2;9;82;210m▝[38;2;0;100;254;48;2;1;97;248m┈[48;2;0;100;254m    [38;2;136;179;254;48;2;6;103;254m▗[38;2;28;115;254;48;2;225;235;254m▘[48;2;254;254;254m  [38;2;248;250;254;48;2;167;198;254m▇[38;2;238;242;254;48;2;54;130;254m╸[48;2;0;100;254m      [38;2;86;143;254m▁[38;2;217;228;254;48;2;10;105;254m▂[38;2;243;246;254;48;2;40;122;254m▄[38;2;250;251;254;48;2;167;198;254m▇[38;2;254;254;254;48;2;246;249;254m┈[38;2;29;116;254;48;2;242;245;254m▃[38;2;0;100;254;48;2;244;246;254m▃[38;2;19;106;254;48;2;253;253;254m▃[38;2;0;100;254;48;2;239;242;254m▂[38;2;207;223;254;48;2;13;107;254m▘[48;2;0;100;254m  [38;2;0;100;254;48;2;1;97;248m┈[0m[38;2;9;82;210m▘[0m
 [38;2;7;86;222m▝[38;2;20;62;163;48;2;2;96;245m▁[48;2;0;100;254m  [38;2;0;100;254;48;2;6;103;254m┈[38;2;44;124;254;48;2;224;234;254m▃[38;2;254;254;254;48;2;249;250;254m┈[38;2;63;135;254;48;2;245;247;254m▂[38;2;10;105;254;48;2;217;229;254m▄[48;2;161;193;254m▇[48;2;0;100;254m  [38;2;76;144;254;48;2;239;243;254m▍[38;2;253;253;254;48;2;66;128;254m▇[38;2;246;247;254;48;2;0;100;254m▇▇[38;2;253;253;254;48;2;67;128;254m▇[38;2;254;254;254;48;2;252;252;254m┈[48;2;254;254;254m   [38;2;227;236;254;48;2;54;130;254m▌[48;2;0;100;254m      [38;2;20;62;163;48;2;2;96;245m▁[0m[38;2;7;86;221m▘ [0m
 [38;2;0;0;0m [0m [7m[38;2;4;93;236m▄[0m[38;2;0;100;254;48;2;2;96;243m┈[48;2;0;100;254m  [48;2;65;129;254m▇[48;2;0;100;254m    [38;2;7;104;254;48;2;148;187;254m▊[38;2;254;254;254;48;2;253;253;254m┈[48;2;254;254;254m [48;2;244;247;254m┈[38;2;223;233;254;48;2;42;123;254m▘[38;2;3;101;254;48;2;235;239;254m▇[38;2;5;102;254;48;2;184;199;254m▇[38;2;19;110;254;48;2;214;228;254m▄[38;2;139;180;254;48;2;252;252;254m▂[38;2;145;180;254;48;2;253;253;254m▁[38;2;17;108;254;48;2;235;241;254m▂[38;2;93;152;254;48;2;5;102;254m▏[48;2;0;100;254m   [38;2;0;100;254;48;2;2;96;243m┈[0m[7m[38;2;4;93;236m▄[0m [38;2;47;12;42m  [0m
 [38;2;0;0;0m   [0m [7m[38;2;4;92;235m▅[38;2;3;94;239m▂[0m[38;2;0;100;254;48;2;1;97;247m┈[48;2;0;100;254m    [38;2;142;181;254m▝[38;2;1;100;254;48;2;245;247;254m▅[38;2;0;100;254;48;2;230;235;254m▄[38;2;205;220;254;48;2;9;104;254m▘[48;2;0;100;254m    [38;2;0;100;254;48;2;3;101;254m┈┈[48;2;0;100;254m  [48;2;1;97;247m┈[0m[7m[38;2;3;94;239m▂[38;2;4;92;235m▅[0m [38;2;47;11;39m    [0m
 [38;2;0;0;0m      [0m [7m[38;2;6;88;226m▆▄[38;2;2;95;243m▃[38;2;1;97;247m▂[38;2;2;96;245m▁[38;2;0;100;254m▁[0m[38;2;11;77;200;48;2;0;100;254m▁[38;2;1;96;246m▁▁[38;2;11;77;200m▁[0m[7m[38;2;0;100;254m▁[38;2;2;96;246m▁[38;2;1;97;247m▂[38;2;2;95;243m▃[38;2;6;88;227m▄[38;2;6;88;226m▆[0m [38;2;48;10;36m       [0m
[?25h