[?25l[0m [38;2;0;0;0m      [0m [38;2;228;223;226m▂[38;2;228;223;227m▄[38;2;244;242;243m▅[38;2;248;247;247m▆[38;2;246;245;246m▇[38;2;254;254;254m▇[48;2;205;196;202m▇[48;2;247;246;247m▇▇[48;2;205;196;203m▇[0m[38;2;254;254;254m▇[38;2;246;245;246m▇[38;2;248;247;248m▆[38;2;244;242;243m▅[38;2;228;223;227m▄▂[0m [38;2;48;10;36m       [0m
 [38;2;0;0;0m   [0m [38;2;236;233;235m▃[38;2;240;238;239m▆[38;2;254;254;254;48;2;248;246;247m┈[38;2;187;219;171;48;2;253;253;253m▁[38;2;110;183;72;48;2;243;248;240m▂[38;2;111;183;73;48;2;248;250;247m▄[38;2;105;180;65;48;2;238;245;236m▅[38;2;104;180;63;48;2;232;242;229m▆[38;2;105;180;65;48;2;239;245;237m▇[38;2;104;180;63;48;2;183;214;173m▇[48;2;144;195;124m▇▇[48;2;183;214;173m▇[38;2;105;180;65;48;2;239;245;237m▇[38;2;104;180;63;48;2;232;242;229m▆[38;2;105;180;65;48;2;238;245;236m▅[38;2;111;183;73;48;2;248;250;247m▄[38;2;110;183;72;48;2;243;248;240m▂[38;2;187;219;171;48;2;253;253;253m▁[38;2;254;254;254;48;2;248;246;247m┈[0m[38;2;240;238;240m▆[38;2;236;233;235m▃[0m [38;2;129;106;122m    [0m
 [38;2;0;0;0m [0m [38;2;237;234;236m▄[38;2;254;254;254;48;2;244;242;243m┈[48;2;249;251;248m┈[38;2;123;189;88;48;2;241;247;238m▃[38;2;112;184;74;48;2;230;241;225m▆[38;2;104;180;63;48;2;106;181;66m┈[48;2;104;180;63m              [48;2;106;181;66m┈[38;2;112;184;74;48;2;230;241;225m▆[38;2;123;189;88;48;2;241;247;238m▃[38;2;254;254;254;48;2;249;251;248m┈[48;2;244;242;243m┈[0m[38;2;237;234;236m▄[0m [38;2;127;104;120m  [0m
 [38;2;223;218;222m▗[38;2;245;244;245;48;2;168;152;163m▇[48;2;254;254;254m [38;2;113;184;75;48;2;230;242;225m▗[38;2;111;183;72;48;2;180;216;162m▇[48;2;104;180;63m [38;2;104;180;63;48;2;221;234;214m▎[38;2;247;247;247;48;2;143;196;117m▆[38;2;221;234;214;48;2;104;180;63m▊   [38;2;104;180;63;48;2;105;180;65m┈[38;2;200;223;189;48;2;104;180;63m▂[38;2;247;247;247;48;2;111;182;73m▂[38;2;247;247;246;48;2;110;182;73m▂[38;2;237;241;235;48;2;112;183;74m▁[38;2;104;180;63;48;2;106;181;66m┈[38;2;199;223;189;48;2;104;180;63m▂[38;2;247;247;247;48;2;111;182;73m▂▂[38;2;200;223;189;48;2;104;180;63m▂[38;2;104;180;63;48;2;105;180;65m┈[48;2;104;180;63m  [38;2;111;183;72;48;2;180;216;162m▇[38;2;113;184;75;48;2;230;242;225m▖[48;2;254;254;254m [38;2;245;244;245;48;2;168;152;163m▇[0m[38;2;223;218;222m▖ [0m
[38;2;213;205;210m▗[38;2;254;254;254;48;2;248;247;248m┈[48;2;254;254;254m [38;2;253;253;253;48;2;147;200;120m▘[48;2;104;180;63m   [38;2;104;180;63;48;2;247;247;247m▎ [38;2;247;247;247;48;2;104;180;63m▊  [38;2;237;242;235;48;2;117;186;81m▗[38;2;241;244;240;48;2;164;207;143m▇[48;2;247;247;247m [38;2;132;192;101;48;2;246;246;246m▂▂[48;2;247;247;247m [38;2;227;236;224;48;2;244;245;244m┊[48;2;247;247;247m [38;2;132;192;101;48;2;246;246;246m▂▂[48;2;247;247;247m [38;2;241;244;240;48;2;164;207;143m▇[38;2;237;242;235;48;2;117;186;81m▖[48;2;104;180;63m   [38;2;253;253;253;48;2;147;200;120m▝[48;2;254;254;254m [38;2;254;254;254;48;2;248;247;248m┈[0m[38;2;213;205;210m▖[0m
[7m[38;2;246;244;245m▎[0m[38;2;109;83;101;48;2;254;254;254m [38;2;252;253;252;48;2;159;206;135m▋[48;2;104;180;63m    [38;2;104;180;63;48;2;247;247;247m▎ [38;2;247;247;247;48;2;104;180;63m▊  [38;2;104;180;63;48;2;246;246;246m▎[48;2;247;247;247m [38;2;247;247;247;48;2;111;183;73m▊[48;2;104;180;63m  [38;2;111;183;73;48;2;247;247;247m▎ [38;2;247;247;247;48;2;111;183;73m▊[48;2;104;180;63m  [38;2;111;183;73;48;2;247;247;247m▎ [38;2;246;246;246;48;2;104;180;63m▊    [38;2;159;206;135;48;2;252;253;252m▍[48;2;254;254;254m [0m[38;2;246;244;245m▊[0m
[38;2;228;223;226;48;2;254;254;254m▏ [38;2;254;254;254;48;2;112;183;75m▌[48;2;104;180;63m    [38;2;104;180;63;48;2;247;247;247m▎ [38;2;247;247;247;48;2;104;180;63m▊  [38;2;104;180;63;48;2;247;247;247m▎ [38;2;247;247;247;48;2;104;180;63m▊  [38;2;104;180;63;48;2;247;247;247m▎ [38;2;247;247;247;48;2;104;180;63m▊  [38;2;104;180;63;48;2;247;247;247m▎ [38;2;247;247;247;48;2;104;180;63m▊    [38;2;112;183;75;48;2;254;254;254m▌ [38;2;254;254;254;48;2;228;223;226m▉[0m
[7m[38;2;246;244;245m▎[0m[38;2;109;83;101;48;2;254;254;254m [38;2;252;253;252;48;2;159;206;135m▋[48;2;104;180;63m    [38;2;104;180;63;48;2;246;247;246m▎[48;2;247;247;247m [38;2;247;247;247;48;2;108;181;69m▊[48;2;104;180;63m  [38;2;104;180;63;48;2;216;232;208m▎[38;2;122;187;92;48;2;247;247;247m▂[38;2;216;232;208;48;2;104;180;63m▊  [38;2;104;180;63;48;2;216;232;208m▎[38;2;122;187;92;48;2;247;247;247m▂[38;2;216;232;208;48;2;104;180;63m▊  [38;2;108;181;69;48;2;247;247;247m▎ [38;2;246;247;246;48;2;104;180;63m▊    [38;2;159;206;135;48;2;252;253;252m▍[48;2;254;254;254m [0m[38;2;246;244;245m▊[0m
[38;2;213;205;210m▝[38;2;254;254;254;48;2;248;247;248m┈[48;2;254;254;254m [38;2;253;253;253;48;2;147;200;120m▖[48;2;104;180;63m   [38;2;245;246;245;48;2;130;191;97m▝[38;2;247;247;247;48;2;244;245;243m┈┈[38;2;237;242;234;48;2;124;189;89m▄[38;2;244;245;244;48;2;110;182;71m▂[38;2;233;239;231;48;2;104;180;63m▂▂▂▂▂▂▂▂[38;2;244;245;244;48;2;110;182;72m▂[38;2;237;242;234;48;2;124;189;89m▄[38;2;247;247;247;48;2;244;245;243m┈┈[38;2;245;246;245;48;2;130;191;97m▘[48;2;104;180;63m   [38;2;253;253;253;48;2;147;200;120m▗[48;2;254;254;254m [38;2;254;254;254;48;2;248;247;248m┈[0m[38;2;213;205;210m▘[0m
 [38;2;223;218;222m▝[38;2;168;152;163;48;2;245;244;245m▁[48;2;254;254;254m [38;2;113;184;75;48;2;230;242;225m▝[38;2;180;216;162;48;2;111;183;72m▁[48;2;104;180;63m  [38;2;105;180;65;48;2;173;211;154m▆[38;2;110;182;71;48;2;232;240;229m▄[38;2;125;189;92;48;2;246;247;246m▃[38;2;124;188;93;48;2;247;247;247m▂[38;2;142;195;117m▂[38;2;143;196;117m▂▂▂▂▂▂[38;2;142;195;117m▂[38;2;124;188;93m▂[38;2;125;189;92;48;2;246;247;246m▃[38;2;110;182;71;48;2;232;240;229m▄[38;2;105;180;65;48;2;173;211;154m▆[48;2;104;180;63m  [38;2;180;216;162;48;2;111;183;72m▁[38;2;113;184;75;48;2;230;242;225m▘[48;2;254;254;254m [38;2;168;152;163;48;2;245;244;245m▁[0m[38;2;223;218;222m▘ [0m
 [38;2;0;0;0m [0m [7m[38;2;237;234;236m▄[0m[38;2;254;254;254;48;2;244;242;243m┈[48;2;249;251;248m┈[38;2;241;247;238;48;2;123;189;88m▅[38;2;230;241;225;48;2;112;184;74m▂[38;2;104;180;63;48;2;106;181;66m┈[48;2;104;180;63m              [48;2;106;181;66m┈[38;2;230;241;225;48;2;112;184;74m▂[38;2;241;247;238;48;2;123;189;88m▅[38;2;254;254;254;48;2;249;251;248m┈[48;2;244;242;243m┈[0m[7m[38;2;237;234;236m▄[0m [38;2;53;16;42m  [0m
 [38;2;0;0;0m   [0m [7m[38;2;236;233;235m▅[38;2;240;238;239m▂[0m[38;2;254;254;254;48;2;248;246;247m┈[38;2;253;253;253;48;2;187;219;171m▇[38;2;243;248;240;48;2;110;183;72m▆[38;2;248;250;247;48;2;111;183;73m▄[38;2;239;245;236;48;2;105;180;65m▃[38;2;232;242;229;48;2;104;180;63m▂[38;2;239;245;237;48;2;105;180;65m▁[38;2;183;214;174;48;2;104;180;63m▁[38;2;144;195;124m▁▁[38;2;183;214;173m▁[38;2;239;245;237;48;2;105;180;65m▁[38;2;232;242;229;48;2;104;180;63m▂[38;2;238;245;236;48;2;105;180;65m▃[38;2;248;250;247;48;2;111;183;73m▄[38;2;243;248;240;48;2;110;183;72m▆[38;2;253;253;253;48;2;187;219;171m▇[38;2;254;254;254;48;2;248;246;247m┈[0m[7m[38;2;240;238;239m▂[38;2;236;233;235m▅[0m [38;2;51;13;39m    [0m
 [38;2;0;0;0m      [0m [7m[38;2;228;223;226m▆[38;2;228;223;227m▄[38;2;244;242;243m▃[38;2;248;247;247m▂[38;2;246;245;246m▁[38;2;254;254;254m▁[0m[38;2;205;196;202;48;2;254;254;254m▁[38;2;247;246;247m▁▁[38;2;205;196;202m▁[0m[7m[38;2;254;254;254m▁[38;2;246;245;246m▁[38;2;248;247;248m▂[38;2;244;242;243m▃[38;2;228;223;227m▄[38;2;228;223;226m▆[0m [38;2;48;10;36m       [0m
[?25h