[?25l[0m [38;2;0;0;0m      [0m [38;2;6;91;178m▂▄[38;2;2;98;191m▅[38;2;1;100;194m▆[38;2;2;99;193m▇[38;2;0;103;199m▇[48;2;11;81;160m▇[48;2;1;99;193m▇▇[48;2;11;81;160m▇[0m[38;2;0;103;199m▇[38;2;2;99;193m▇[38;2;1;100;194m▆[38;2;2;98;191m▅[38;2;6;91;178m▄▂[0m [38;2;48;10;36m       [0m
 [38;2;0;0;0m   [0m [38;2;4;95;185m▃[38;2;3;97;188m▆[38;2;0;103;199;48;2;1;100;194m┈[48;2;0;103;199m                [48;2;1;100;194m┈[0m[38;2;3;97;188m▆[38;2;4;95;185m▃[0m [38;2;29;47;100m    [0m
 [38;2;0;0;0m [0m [38;2;4;95;186m▄[38;2;0;103;199;48;2;2;98;191m┈[48;2;0;103;199m          [38;2;156;190;230;48;2;8;107;200m▁[38;2;224;233;245;48;2;1;103;199m▃[38;2;232;237;247;48;2;0;103;199m▄[38;2;236;239;248m▄[38;2;238;242;249;48;2;6;105;200m▃[38;2;149;186;228;48;2;0;103;199m▂      [38;2;0;103;199;48;2;2;98;191m┈[0m[38;2;4;95;186m▄[0m [38;2;29;46;99m  [0m
 [38;2;7;89;175m▗[38;2;2;99;192;48;2;20;64;130m▇[38;2;0;103;199;48;2;4;105;200m┈[38;2;225;235;247;48;2;38;121;205m▆[38;2;232;239;248;48;2;16;111;201m▅[38;2;199;218;240;48;2;4;105;199m▃[38;2;83;146;213;48;2;0;103;199m▁      [38;2;11;109;201;48;2;196;217;240m▘[38;2;105;162;220;48;2;245;247;251m▂[38;2;19;112;202;48;2;246;248;251m▄[38;2;5;105;200;48;2;249;250;252m▅[38;2;4;104;199;48;2;248;249;252m▅[38;2;15;110;201;48;2;244;246;251m▄[38;2;60;136;211;48;2;244;247;251m▂[38;2;0;103;199;48;2;182;208;237m▁[38;2;189;215;240;48;2;16;109;201m▄[38;2;177;205;235;48;2;0;103;199m▄[38;2;151;188;229m▄[38;2;156;193;231m▃[38;2;128;172;223m▃[38;2;114;168;222m▂[38;2;78;140;210m▂[38;2;4;100;192;48;2;20;64;130m▇[0m[38;2;7;89;175m▖ [0m
[38;2;9;84;166m▗[38;2;0;103;199;48;2;1;100;194m┈[48;2;0;103;199m [48;2;169;199;233m▉[38;2;254;254;254;48;2;252;252;253m┈[48;2;254;254;254m [38;2;0;103;199;48;2;222;232;245m▗[38;2;9;107;200;48;2;219;230;245m▃[38;2;249;250;252;48;2;97;156;217m━[38;2;237;240;248;48;2;28;117;204m▃[38;2;190;210;237;48;2;12;109;201m▁[48;2;0;103;199m  [38;2;0;103;199;48;2;67;133;208m▉[38;2;217;230;244;48;2;65;139;212m▊[38;2;0;103;199;48;2;3;104;199m┈[48;2;0;103;199m   [48;2;1;103;199m┈[48;2;4;105;200m┈[48;2;0;103;199m         [48;2;1;100;194m┈[0m[38;2;9;84;166m▖[0m
[7m[38;2;2;99;192m▎[0m[38;2;33;38;85;48;2;0;103;199m   [38;2;249;250;252;48;2;47;129;208m▝[38;2;167;198;233;48;2;250;251;253m▁[38;2;0;103;199;48;2;199;219;241m▝[48;2;1;103;199m┈[48;2;0;103;199m [48;2;104;157;217m▇[38;2;13;109;201;48;2;234;238;247m▆[38;2;14;110;201;48;2;160;192;230m▄[38;2;220;227;242;48;2;36;121;205m╾[38;2;135;176;224;48;2;0;103;199m▃[38;2;73;141;212;48;2;24;115;203m╵[48;2;0;103;199m    [38;2;0;103;199;48;2;202;219;240m▋[38;2;213;227;244;48;2;31;120;205m▖[48;2;0;103;199m          [0m[38;2;2;99;192m▊[0m
[38;2;6;90;177;48;2;0;103;199m▏    [38;2;34;120;205;48;2;202;219;240m▍[38;2;254;254;254;48;2;240;244;250m┈[38;2;234;239;248;48;2;84;150;215m▆[38;2;212;225;242;48;2;7;106;200m▄[38;2;245;247;251;48;2;9;107;200m▂[38;2;242;244;250;48;2;10;107;200m▁[38;2;86;142;211;48;2;0;103;199m▁ [38;2;0;103;199;48;2;3;104;199m┈[38;2;1;103;199;48;2;122;166;220m▆[38;2;46;119;204;48;2;18;111;201m╵[38;2;2;104;199;48;2;0;103;199m┈  [38;2;11;109;201;48;2;127;175;225m▉[38;2;173;203;235;48;2;232;240;249m▏[38;2;224;234;246;48;2;25;116;203m▖[48;2;0;103;199m         [38;2;0;103;199;48;2;6;90;176m▉[0m
[7m[38;2;2;99;192m▎[0m[38;2;33;38;85;48;2;0;103;199m    [38;2;175;202;234;48;2;2;103;199m▝[38;2;103;160;219;48;2;243;247;251m▖[38;2;91;154;217;48;2;253;253;253m▝[38;2;143;184;228;48;2;8;107;200m▖[38;2;0;103;199;48;2;141;167;218m▇[38;2;2;103;199;48;2;232;236;246m▇[38;2;0;103;199;48;2;201;213;236m▆[38;2;4;104;199;48;2;170;195;230m▆[38;2;0;103;199;48;2;98;151;214m▅[38;2;45;121;204;48;2;20;112;202m╵[38;2;0;103;199;48;2;3;104;199m┈[48;2;0;103;199m    [38;2;237;242;249;48;2;47;129;208m▝[38;2;254;254;254;48;2;252;252;253m┈[38;2;250;251;253;48;2;50;131;209m▖[48;2;0;103;199m        [0m[38;2;2;99;192m▊[0m
[38;2;9;84;166m▝[38;2;0;103;199;48;2;1;100;194m┈[48;2;0;103;199m    [48;2;1;103;199m┈[38;2;5;105;199;48;2;190;210;237m▆[38;2;22;114;202;48;2;247;248;251m▅[38;2;24;113;202;48;2;155;191;230m▄[38;2;196;207;234;48;2;5;105;199m━[38;2;128;157;215;48;2;6;105;199m╸[48;2;0;103;199m        [38;2;16;112;202;48;2;219;227;242m▉[48;2;254;254;254m [38;2;253;253;253;48;2;120;163;218m▉[48;2;0;103;199m       [38;2;0;103;199;48;2;1;100;194m┈[0m[38;2;9;84;166m▘[0m
 [38;2;7;89;175m▝[38;2;20;64;131;48;2;2;99;192m▁[48;2;0;103;199m               [38;2;0;103;199;48;2;9;107;200m┈[38;2;205;222;242;48;2;17;112;202m▃[38;2;125;173;224;48;2;253;253;253m▘[38;2;254;254;254;48;2;245;248;252m┈[38;2;251;252;253;48;2;53;132;209m▘[48;2;0;103;199m      [38;2;20;64;130;48;2;2;99;192m▁[0m[38;2;7;89;175m▘ [0m
 [38;2;0;0;0m [0m [7m[38;2;4;95;186m▄[0m[38;2;0;103;199;48;2;2;98;191m┈[48;2;0;103;199m       [38;2;202;219;240m▄[38;2;230;235;246m▄[38;2;231;235;246m▄[38;2;246;248;251;48;2;3;104;199m▄[38;2;241;244;250m▅[38;2;246;247;251;48;2;30;117;203m▆[38;2;75;138;210;48;2;240;244;250m▁[38;2;13;108;200;48;2;237;242;249m▂[38;2;9;107;200;48;2;220;231;245m▄[38;2;9;108;201;48;2;134;179;226m▇[48;2;0;103;199m     [38;2;0;103;199;48;2;2;98;191m┈[0m[7m[38;2;4;95;186m▄[0m [38;2;47;12;40m  [0m
 [38;2;0;0;0m   [0m [7m[38;2;4;95;185m▅[38;2;3;97;188m▂[0m[38;2;0;103;199;48;2;1;100;194m┈[48;2;0;103;199m    [48;2;212;226;243m▏[38;2;166;197;232;48;2;14;109;201m▘[38;2;0;103;199;48;2;213;221;239m▇[48;2;235;239;247m▇[48;2;205;215;237m▇[48;2;69;131;207m▇[48;2;0;103;199m      [48;2;1;100;194m┈[0m[7m[38;2;3;97;188m▂[38;2;4;95;185m▅[0m [38;2;47;11;38m    [0m
 [38;2;0;0;0m      [0m [7m[38;2;6;91;178m▆▄[38;2;2;98;191m▃[38;2;1;100;194m▂[38;2;22;110;196m▁[38;2;0;103;199m▁[0m[38;2;11;81;160;48;2;0;103;199m▁[38;2;1;99;193m▁▁[38;2;11;81;160m▁[0m[7m[38;2;0;103;199m▁[38;2;2;99;193m▁[38;2;1;100;194m▂[38;2;2;98;191m▃[38;2;6;91;178m▄▆[0m [38;2;48;10;36m       [0m
[?25h