[?25l[0m[38;2;52;151;135m▄[38;2;53;181;157m▇[38;2;53;190;163;48;2;53;186;160m┈[48;2;53;190;163m                 [0m[38;2;52;171;150m▍  [7m[38;2;52;177;154m▎[0m[38;2;48;28;49;48;2;53;190;163m     [38;2;53;190;163;48;2;53;186;160m┈[0m[38;2;53;181;157m▇[38;2;52;151;135m▄[0m
[38;2;53;190;163;48;2;53;189;163m┊[48;2;53;190;163m                   [0m[38;2;52;171;150m▍  [7m[38;2;52;177;154m▎[0m[38;2;48;28;49;48;2;53;190;163m       [38;2;53;190;163;48;2;53;189;163m┈[0m
[38;2;52;189;162;48;2;53;190;163m▏                   [0m[38;2;52;171;150m▍  [7m[38;2;52;177;154m▎[0m[38;2;48;28;49;48;2;53;190;163m       [38;2;53;190;163;48;2;52;189;162m▉[0m
[38;2;52;189;162;48;2;53;190;163m▏       [0m[7m[38;2;53;190;163m▗▄▄▄▄▄▄▄▄▄▄▄[0m[38;2;52;141;128m▘  [7m[38;2;52;177;154m▎[0m[38;2;48;28;49;48;2;53;190;163m       [38;2;53;190;163;48;2;52;189;162m▉[0m
[38;2;52;189;162;48;2;53;190;163m▏       [0m[38;2;52;177;154m▊  [0m [38;2;53;190;163m▂▂▂▂▂▂▂▂[0m [38;2;49;75;82m  [7m[38;2;52;177;154m▎[0m[38;2;48;28;49;48;2;53;190;163m       [38;2;53;190;163;48;2;52;189;162m▉[0m
[38;2;52;189;162;48;2;53;190;163m▏       [0m[38;2;52;177;154m▊  [7m[38;2;52;171;150m▋[0m[38;2;48;18;41;48;2;53;190;163m        [0m[38;2;52;171;150m▍  [7m[38;2;52;177;154m▎[0m[38;2;48;28;49;48;2;53;190;163m       [38;2;53;190;163;48;2;52;189;162m▉[0m
[38;2;52;189;162;48;2;53;190;163m▏       [0m[38;2;52;177;154m▊  [7m[38;2;52;171;150m▋[0m[38;2;48;18;41;48;2;53;190;163m        [0m[38;2;52;171;150m▍  [7m[38;2;52;177;154m▎[0m[38;2;48;28;49;48;2;53;190;163m       [38;2;53;190;163;48;2;52;189;162m▉[0m
[38;2;52;189;162;48;2;53;190;163m▏       [0m[38;2;52;177;154m▊  [7m[38;2;52;171;150m▋[0m[38;2;48;18;41;48;2;53;190;163m        [0m[38;2;52;171;150m▍  [7m[38;2;52;177;154m▎[0m[38;2;48;28;49;48;2;53;190;163m       [38;2;53;190;163;48;2;52;189;162m▉[0m
[38;2;52;189;162;48;2;53;190;163m▏       [0m[38;2;52;177;154m▊  [7m[38;2;52;171;150m▋[0m[38;2;48;18;41;48;2;53;190;163m        [0m[38;2;52;171;150m▍  [7m[38;2;52;177;154m▎[0m[38;2;48;28;49;48;2;53;190;163m       [38;2;53;190;163;48;2;52;189;162m▉[0m
[38;2;52;189;162;48;2;53;190;163m▏       [0m[38;2;52;177;154m▊  [7m[38;2;52;171;150m▋[0m[38;2;48;18;41;48;2;53;190;163m        [0m[38;2;52;171;150m▍  [7m[38;2;52;177;154m▎[0m[38;2;48;28;49;48;2;53;190;163m       [38;2;53;190;163;48;2;52;189;162m▉[0m
[38;2;52;189;162;48;2;53;190;163m▏       [0m[38;2;52;177;154m▊  [7m[38;2;52;171;150m▋[0m[38;2;48;18;41;48;2;53;190;163m        [0m[38;2;52;171;150m▍  [7m[38;2;52;177;154m▎[0m[38;2;48;28;49;48;2;53;190;163m       [38;2;53;190;163;48;2;52;189;162m▉[0m
[38;2;53;190;163;48;2;53;189;163m┊[48;2;53;190;163m       [0m[38;2;52;177;154m▊  [7m[38;2;52;171;150m▋[0m[38;2;48;18;41;48;2;53;190;163m        [0m[38;2;52;171;150m▍  [7m[38;2;52;177;154m▎[0m[38;2;48;28;49;48;2;53;190;163m       [38;2;53;190;163;48;2;53;189;163m┈[0m
[7m[38;2;52;151;135m▄[38;2;53;181;157m▁[0m[38;2;53;190;163;48;2;53;186;160m┈[48;2;53;190;163m     [0m[38;2;52;177;154m▊  [7m[38;2;52;171;150m▋[0m[38;2;48;18;41;48;2;53;190;163m        [0m[38;2;52;171;150m▍  [7m[38;2;52;177;154m▎[0m[38;2;48;28;49;48;2;53;190;163m     [38;2;53;190;163;48;2;53;186;160m┈[0m[7m[38;2;53;181;156m▁[38;2;52;150;135m▄[0m
[?25h