[?25l[0m [38;2;30;17;26m▂[38;2;24;20;23m▅[38;2;21;21;21m▆▇[48;2;22;20;22m▇[48;2;21;21;21m                    [48;2;22;20;22m▇[0m[38;2;21;21;21m▇▆[38;2;24;20;23m▅[38;2;30;17;26m▂ [0m
[7m[38;2;29;18;25m▘[0m[38;2;21;21;21;48;2;21;21;21m┈[38;2;66;66;66m▁[38;2;120;120;120m▁▁▁▁▁▁▁▁▁▁▁▁▁[38;2;103;103;103m▁             [38;2;21;21;21m┈[0m[7m[38;2;29;18;25m▝[0m
[38;2;21;21;21;48;2;21;21;21m┈ [48;2;190;190;190m▄[48;2;238;238;238m▄▄▄▄▄▄▄▄▄▄▄▄▄[48;2;235;235;235m▄[38;2;107;107;107;48;2;29;29;29m▏[48;2;21;21;21m             [38;2;21;21;21m┈[0m
[7m[38;2;21;21;21m [0m[38;2;0;0;0;48;2;21;21;21m                [38;2;187;187;187;48;2;31;31;31m▂[38;2;220;220;220;48;2;21;21;21m▃▃▃▃▃▃▃▃▃[38;2;216;216;216;48;2;34;34;34m▂[48;2;21;21;21m    [0m
[7m[38;2;21;21;21m [0m[38;2;0;0;0;48;2;21;21;21m      [38;2;130;97;37;48;2;25;24;21m▗[38;2;227;165;52;48;2;42;35;24m▅[38;2;217;158;50;48;2;47;39;25m▃[38;2;21;21;21;48;2;25;24;22m┈[48;2;21;21;21m      [38;2;232;232;232;48;2;80;80;80m▗[38;2;104;104;104;48;2;183;183;183m┉┉┉┉┉┉┉┉┉[38;2;213;213;213;48;2;91;91;91m▃[48;2;21;21;21m    [0m
[7m[38;2;21;21;21m [0m[38;2;0;0;0;48;2;21;21;21m    [38;2;122;91;36;48;2;24;23;21m▗[38;2;223;163;51;48;2;53;43;25m▅[38;2;252;183;56;48;2;241;182;59m┈[38;2;104;242;138;48;2;238;190;66m▄[38;2;103;243;140;48;2;234;191;68m▖[38;2;139;103;38;48;2;247;180;55m▝[38;2;213;155;50;48;2;44;37;24m▃[38;2;21;21;21;48;2;25;24;21m┈[48;2;21;21;21m    [38;2;191;191;191;48;2;71;71;71m┏[38;2;210;210;210;48;2;60;60;60m▅▅▅▅▅▅▅▅▅[38;2;195;195;195;48;2;85;85;85m┱[48;2;21;21;21m    [0m
[7m[38;2;21;21;21m [0m[38;2;0;0;0;48;2;21;21;21m  [38;2;144;107;39;48;2;32;29;23m▁[38;2;220;161;51;48;2;49;40;25m▅[38;2;252;183;56;48;2;245;179;56m┈[38;2;113;239;134;48;2;236;190;67m▃[38;2;156;223;113;48;2;74;252;152m▘[48;2;72;253;153m  [38;2;221;197;77;48;2;89;247;145m▝[38;2;144;228;119;48;2;246;185;60m▖[38;2;132;98;37;48;2;246;179;55m▝[38;2;208;152;49;48;2;42;35;24m▃[38;2;21;21;21;48;2;24;23;21m┈[48;2;21;21;21m  [38;2;254;254;254;48;2;70;70;70m╺[48;2;91;91;91m━━━━━━━━━[38;2;220;220;220;48;2;70;70;70m━[48;2;21;21;21m    [0m
[7m[38;2;21;21;21m [0m[38;2;0;0;0;48;2;21;21;21m  [38;2;29;27;22;48;2;133;99;37m▇[38;2;63;50;27;48;2;234;170;53m▄[38;2;252;183;56;48;2;240;177;56m┈[38;2;228;193;71;48;2;100;244;141m▅[38;2;158;222;111;48;2;80;251;150m▁[48;2;72;253;153m  [38;2;205;204;86;48;2;84;249;148m▗[38;2;125;235;129;48;2;242;187;62m▘[38;2;141;104;38;48;2;248;180;55m▗[38;2;45;38;24;48;2;215;157;50m▅[38;2;21;21;21;48;2;25;24;22m┈[48;2;21;21;21m  [38;2;254;254;254;48;2;71;71;71m╺[48;2;92;92;92m━━━━━━━━━[38;2;220;220;220;48;2;70;70;70m━[48;2;21;21;21m    [0m
[7m[38;2;21;21;21m [0m[38;2;0;0;0;48;2;21;21;21m    [38;2;29;27;22;48;2;130;97;37m▇[38;2;62;50;27;48;2;233;170;53m▄[38;2;187;137;45;48;2;241;186;62m▁[38;2;232;192;70;48;2;96;245;142m▄[38;2;93;247;145;48;2;228;193;71m▘[38;2;143;106;39;48;2;248;181;56m▗[38;2;46;39;25;48;2;217;158;50m▅[38;2;21;21;21;48;2;26;24;22m┈[48;2;21;21;21m    [38;2;197;197;197;48;2;62;62;62m┗[38;2;40;40;40;48;2;200;200;200m▃▃▃▃▃▃▃▃▃[38;2;29;29;29;48;2;159;159;159m▃[48;2;21;21;21m    [0m
[7m[38;2;21;21;21m [0m[38;2;0;0;0;48;2;21;21;21m      [38;2;29;26;22;48;2;129;96;37m▇[38;2;57;46;26;48;2;233;169;53m▄[38;2;48;39;25;48;2;219;159;51m▅[38;2;21;21;21;48;2;26;24;22m┈[48;2;21;21;21m      [38;2;235;235;235;48;2;77;77;77m▝[38;2;108;108;108;48;2;238;238;238m▄▄▄▄▄▄▄▄▄[38;2;89;89;89;48;2;212;212;212m▅[48;2;21;21;21m    [0m
[38;2;21;21;21;48;2;21;21;21m┈                [38;2;34;34;34;48;2;189;189;189m▆[38;2;21;21;21;48;2;232;232;232m▅▅▅▅▅▅▅▅▅[48;2;185;185;185m▅[48;2;21;21;21m   ┈[0m
[7m[38;2;29;18;25m▖[0m[38;2;21;21;21;48;2;21;21;21m┈                            ┈[0m[7m[38;2;29;18;25m▗[0m
 [7m[38;2;30;17;26m▆[38;2;24;20;23m▃[38;2;21;21;21m▂▁[0m[38;2;22;20;22;48;2;21;21;21m▁                    ▁[0m[7m[38;2;21;21;21m▁▂[38;2;24;20;23m▃[38;2;30;17;26m▆[0m[38;2;47;10;35m [0m
[?25h