[?25l[0m [38;2;0;0;0m                               [0m
 [38;2;0;0;0m      [38;2;73;92;158m▗[38;2;81;117;194;48;2;80;113;188m┈[48;2;76;103;174m▇[0m[7m[38;2;75;97;165m▝[0m [38;2;48;10;36m  [0m [7m[38;2;116;166;206m▖[0m[38;2;125;186;228;48;2;112;156;196m▇[48;2;114;161;201m▇[0m[7m[38;2;109;150;189m▝[0m  [7m[38;2;110;151;190m▘[0m[38;2;125;186;228;48;2;111;154;194m▇[48;2;121;177;219m╴[0m[38;2;109;149;188m▖       [0m
 [38;2;0;0;0m      [0m [38;2;81;116;192m▝[38;2;81;117;194;48;2;80;113;189m┈[48;2;81;117;194m [0m[7m[38;2;81;116;193m▝[0m[38;2;72;89;153m▖  [0m [7m[38;2;107;144;182m▄[0m[38;2;125;186;228;48;2;123;180;222m┈[48;2;125;186;228m [0m[7m[38;2;124;184;226m▝▘[0m[38;2;84;92;126;48;2;125;186;228m [38;2;125;186;228;48;2;122;180;221m┈[0m[7m[38;2;106;143;182m▄[0m [38;2;48;10;36m       [0m
 [38;2;0;0;0m   [38;2;79;110;183m▗[38;2;80;115;190m▇[38;2;81;117;194;48;2;66;70;124m▇[48;2;66;69;123m▇[48;2;65;67;121m▇[48;2;76;100;169m▇[48;2;81;117;194m  [48;2;81;116;192m┈[48;2;65;66;119m▇▇▇▇[0m[7m[38;2;83;111;173m┕[0m[38;2;81;89;128;48;2;123;183;224m▖[48;2;125;186;228m  [38;2;124;183;225;48;2;102;135;172m▉[0m[38;2;97;122;158m▘  [0m [38;2;75;99;167m▄[38;2;78;108;181m▖    [0m
 [38;2;0;0;0m  [0m [7m[38;2;81;117;194m▆▆▆▆▆[0m[38;2;93;114;149;48;2;100;139;190m╸[38;2;75;91;148;48;2;104;145;194m╹[38;2;76;91;149;48;2;103;145;193m╹[0m[7m[38;2;81;117;194m▆▆▆▆▆▆[38;2;74;85;139m▆[38;2;106;143;181m▖[0m[38;2;125;186;228;48;2;125;185;227m┈[48;2;125;186;228m [0m[7m[38;2;121;176;217m▝[0m [38;2;66;67;120m▗[7m[38;2;80;112;187m▘[0m[38;2;56;37;76;48;2;81;117;194m [38;2;81;117;194;48;2;81;116;193m┈[0m[38;2;68;76;134m▍   [0m
 [38;2;91;110;145m▁[38;2;110;152;191m▁[38;2;108;149;188m▁[38;2;107;146;184m▁[38;2;106;143;181m▁[38;2;105;140;178m▁[38;2;120;174;216m▗[38;2;123;182;223;48;2;99;127;164m▇[48;2;125;186;228m [38;2;92;111;146;48;2;121;178;219m▁[0m[38;2;114;162;202m▘        [38;2;114;162;201m▝[38;2;92;110;145;48;2;121;178;219m▁[38;2;99;128;165;48;2;123;182;223m▁[0m[7m[38;2;89;118;171m╱[0m[38;2;81;117;194;48;2;79;111;186m┈[48;2;81;117;194m [48;2;79;110;184m┈[0m[38;2;75;98;166m▘[38;2;77;105;177m▁[38;2;77;104;176m▁[38;2;68;77;135m▁ [0m
[38;2;110;153;192m╺[38;2;125;186;228;48;2;122;180;222m┈[48;2;125;186;228m       [0m[7m[38;2;111;157;201m┎[0m [38;2;75;80;122m          [0m [7m[38;2;83;115;182m┛[0m[38;2;66;66;114;48;2;81;117;194m       [38;2;81;117;194;48;2;80;113;189m┈[0m[38;2;75;98;166m╸[0m
 [7m[38;2;105;140;178m▇[38;2;125;186;228m▇▇▇[0m[38;2;125;186;228;48;2;120;175;216m┈[48;2;125;186;228m [48;2;122;178;220m┈[0m[38;2;100;144;201m▚[38;2;80;113;189;48;2;70;79;138m▇[38;2;79;111;185;48;2;66;68;122m▇[0m[38;2;76;100;168m▖        [38;2;75;99;167m▗[38;2;67;71;127;48;2;81;117;194m▘ [38;2;81;117;194;48;2;79;111;185m┈[0m[38;2;80;112;187m▘[7m[38;2;78;107;180m▇[38;2;78;108;180m▇[38;2;78;109;182m▇▇[38;2;78;109;183m▇[38;2;69;81;141m▇[0m[38;2;48;10;36m [0m
 [38;2;0;0;0m  [38;2;120;175;216m╺[38;2;125;186;228;48;2;124;184;226m┈[48;2;125;186;228m [0m[7m[38;2;122;180;222m▗[0m[38;2;93;113;148m▘[38;2;65;65;117m▝[7m[38;2;79;112;187m▖[0m[38;2;56;35;73;48;2;81;117;194m [38;2;81;117;194;48;2;81;116;193m┈[0m[38;2;77;103;173m▄[38;2;91;113;153m▂[38;2;125;186;228m▂▂▂▂▂▂[38;2;69;79;138;48;2;91;126;186m─[38;2;68;77;136;48;2;91;127;187m─[38;2;65;66;119;48;2;91;126;186m─[0m[38;2;125;186;228m▂▂▂▂▂[0m [38;2;48;10;36m   [0m
 [38;2;0;0;0m   [38;2;120;175;216m▝[7m[38;2;114;160;200m▄[0m [38;2;48;10;36m  [38;2;67;71;126m▗[38;2;81;117;194;48;2;79;111;185m┊[48;2;81;117;194m  [0m[7m[38;2;80;114;190m▝[38;2;106;147;192m┒[0m[38;2;95;119;155;48;2;125;186;228m▁[38;2;96;119;155m▁▁▁[38;2;125;186;228;48;2;124;184;226m┈[48;2;125;186;228m  [38;2;114;162;202m▁[38;2;96;121;157m▁[38;2;97;123;159m▁[38;2;98;125;162m▁[0m[7m[38;2;123;182;224m▁[0m[38;2;120;175;216m▘    [0m
 [38;2;0;0;0m       [38;2;80;114;190m▗[38;2;81;117;194;48;2;79;112;187m┈[48;2;81;117;194m [38;2;65;67;120;48;2;81;117;193m▗[0m[7m[38;2;81;116;193m▖[0m[38;2;63;61;111;48;2;81;117;194m [38;2;81;117;194;48;2;80;113;188m┈[0m[38;2;80;115;192m▖[0m [38;2;48;10;36m  [38;2;107;146;184m▝[38;2;86;98;132;48;2;125;185;227m▖[48;2;125;186;228m [38;2;125;186;228;48;2;122;179;220m┊[0m[38;2;123;182;224m▖[0m [38;2;48;10;36m       [0m
 [38;2;0;0;0m      [38;2;72;89;153m▝[38;2;81;117;194;48;2;80;114;189m┈[38;2;80;114;189;48;2;81;117;194m▁[0m[7m[38;2;76;100;169m▗[0m  [7m[38;2;75;98;165m▖[0m[38;2;80;116;192;48;2;81;117;194m▁[38;2;80;114;190m▁[0m[7m[38;2;77;106;178m▝[0m [38;2;61;52;98m  [0m [7m[38;2;112;157;197m▖[0m[38;2;120;174;215;48;2;125;186;228m▁[38;2;125;186;228;48;2;123;181;222m╴[0m[38;2;105;140;177m▘       [0m
 [38;2;0;0;0m       [0m  [38;2;48;10;36m    [0m    [38;2;48;10;36m    [0m  [38;2;48;10;36m        [0m
[?25h