[?25l[0m [38;2;0;0;0m            [0m    [38;2;53;16;41m               [0m
 [38;2;0;0;0m         [0m [38;2;153;180;123m▄[38;2;138;206;77m▆[38;2;118;208;37;48;2;181;186;174m▆[38;2;127;212;52;48;2;230;230;230m▇[38;2;146;218;81;48;2;191;210;179m▆[0m[38;2;168;211;128m▇[38;2;177;198;153m▄[0m [38;2;51;14;40m             [0m
 [38;2;0;0;0m   [0m [38;2;151;159;134m▃[38;2;144;200;93m▅[38;2;139;209;77m▆[38;2;134;200;72m▇[38;2;133;200;71m▇[38;2;132;211;61;48;2;141;133;133m▆[38;2;116;208;31;48;2;117;208;33m┊[38;2;122;210;42;48;2;117;208;34m▗[38;2;141;217;73;48;2;128;212;51m▗[38;2;142;217;74;48;2;155;221;94m▘[38;2;163;224;107;48;2;167;225;115m▍[38;2;169;226;117;48;2;172;227;122m▂[38;2;171;227;121;48;2;166;225;114m╴[0m[7m[38;2;178;194;158m▝[0m  [38;2;170;161;165m▁[38;2;183;209;159m▃[38;2;181;222;144m▄[38;2;173;209;137m▅[38;2;180;224;142m▄[38;2;183;204;160m▃[0m  [38;2;48;10;36m   [0m
 [38;2;0;0;0m   [7m[38;2;173;180;160m▌[0m[38;2;119;209;38;48;2;156;216;105m▇[48;2;116;208;32m     [38;2;116;208;32;48;2;118;209;35m▋[38;2;122;210;42;48;2;129;212;53m▋[38;2;137;215;65;48;2;145;218;78m▌[38;2;156;221;96;48;2;150;219;87m▝[38;2;155;221;95;48;2;160;223;103m▄[38;2;160;223;103;48;2;166;225;112m▄[38;2;162;223;106;48;2;166;225;113m▄[38;2;152;220;90;48;2;206;205;203m▌[0m[38;2;166;166;154m▃[38;2;173;212;137m▆[38;2;172;226;123;48;2;197;219;178m▇[38;2;176;228;128;48;2;165;225;112m▆[38;2;177;228;129;48;2;172;227;122m▇[38;2;177;228;130;48;2;174;227;125m▇[38;2;177;228;129;48;2;172;227;122m▇[38;2;172;227;123;48;2;162;223;107m▆[38;2;169;217;125;48;2;158;149;151m▇[0m[38;2;165;154;161m▖[0m [38;2;51;13;39m  [0m
 [38;2;0;0;0m   [38;2;179;178;175m▝[38;2;149;151;136;48;2;137;208;74m▁[38;2;114;208;30;48;2;116;208;32m▁    [38;2;117;208;33;48;2;119;209;36m▋[38;2;122;210;41;48;2;127;212;50m▌[38;2;140;216;70;48;2;133;214;60m▝[48;2;145;217;78m▄[38;2;145;218;78;48;2;150;219;87m▄[38;2;150;219;87;48;2;155;221;95m▄[38;2;154;221;94;48;2;157;222;99m▄[38;2;221;224;218;48;2;178;228;133m▝[38;2;187;228;152;48;2;163;223;108m▘[38;2;169;226;117;48;2;173;227;123m▍[38;2;174;227;125;48;2;176;228;129m▖[38;2;176;228;129;48;2;177;228;130m▁ [38;2;176;228;128m▁[38;2;171;226;121;48;2;175;228;128m▗[38;2;173;227;125;48;2;167;225;114m▘[38;2;159;222;101;48;2;154;221;94m╴[0m[38;2;205;209;200m▌[0m [38;2;57;21;45m  [0m
 [38;2;0;0;0m    [0m [38;2;168;194;144m┗[7m[38;2;135;203;74m▁[0m[38;2;166;221;124;48;2;116;208;33m▁[48;2;116;208;32m  [38;2;116;208;32;48;2;117;208;34m▉[38;2;122;210;43;48;2;118;209;36m▝[38;2;130;213;54;48;2;124;211;46m▝[38;2;129;212;53;48;2;134;214;62m▄[38;2;135;214;62;48;2;140;216;70m▄[38;2;140;216;70;48;2;145;218;79m▄[38;2;145;218;79;48;2;150;219;87m▄[38;2;150;219;87;48;2;155;221;95m▄[38;2;156;221;96;48;2;161;223;104m▄[38;2;161;223;104;48;2;166;225;113m▄[38;2;166;225;113;48;2;171;226;120m▄[38;2;169;226;118;48;2;174;227;126m▃[38;2;169;226;117;48;2;175;228;128m▃[38;2;167;225;114;48;2;173;227;124m▄[38;2;168;225;116;48;2;165;224;112m▘[38;2;165;224;112;48;2;165;224;111m▘[38;2;163;224;109;48;2;157;222;99m▇[38;2;161;223;105;48;2;205;222;192m▇[0m[38;2;165;216;119m▆[38;2;154;159;137m▄[0m [0m
  [38;2;164;195;136m▃[38;2;144;202;92m▅[38;2;139;208;79m▆[38;2;134;200;72m▇[38;2;137;208;74m▇[38;2;136;206;74m▇[38;2;115;208;31;48;2;197;203;193m▅[38;2;164;223;118;48;2;137;213;70m▝[38;2;116;208;32;48;2;120;209;40m┈[48;2;116;208;32m [48;2;117;208;34m▇[38;2;117;208;34;48;2;120;209;38m▄[38;2;120;209;39;48;2;124;211;45m▄[38;2;124;211;46;48;2;129;212;54m▄[38;2;130;213;54;48;2;135;214;62m▄[38;2;135;214;62;48;2;140;216;71m▄[38;2;140;216;71;48;2;145;218;79m▄[38;2;143;217;76;48;2;150;219;87m▃[38;2;143;217;77;48;2;155;221;94m▃[38;2;145;218;79;48;2;159;222;101m▄[38;2;149;219;85;48;2;161;223;104m▅[38;2;153;220;92;48;2;160;223;103m▄[38;2;159;222;101;48;2;163;224;108m▄[38;2;162;223;107;48;2;164;224;110m▖[38;2;164;224;110;48;2;165;224;111m▁  [38;2;163;224;109;48;2;159;223;101m▉[38;2;153;220;93;48;2;207;232;192m▉[0m[38;2;184;177;181m▍[0m
 [38;2;134;118;129;48;2;152;214;98m▘[38;2;115;208;31;48;2;115;208;32m┊[48;2;116;208;32m           [38;2;116;208;32;48;2;117;208;34m▅[38;2;113;207;28;48;2;119;209;37m▂[38;2;112;207;26;48;2;123;210;44m▃[38;2;110;206;23;48;2;127;212;50m▃[38;2;113;207;28;48;2;130;213;55m▄[38;2;119;209;37;48;2;132;213;58m▅[38;2;124;211;46m▅[38;2;129;212;54;48;2;135;214;64m▄[38;2;135;214;63;48;2;141;217;73m▄[38;2;139;216;70;48;2;147;218;82m▃[38;2;145;218;79;48;2;153;220;91m▃[38;2;151;220;88;48;2;158;222;100m▃[38;2;154;221;93;48;2;162;223;106m▂[38;2;155;221;94;48;2;164;224;109m▂[38;2;149;219;86;48;2;163;223;108m▂[38;2;189;211;170;48;2;157;221;99m▂[0m[7m[38;2;165;194;135m▂[0m [0m
 [38;2;178;206;155;48;2;96;134;46m▚[38;2;97;201;1;48;2;105;204;16m╴[38;2;98;202;4;48;2;111;207;25m▄[38;2;100;203;7;48;2;113;207;28m▃[38;2;103;204;12;48;2;115;208;31m▃[38;2;104;204;13;48;2;115;207;30m▂[38;2;105;205;15;48;2;115;208;31m▂[38;2;105;204;15m▂[38;2;104;204;13;48;2;115;207;30m▂[48;2;115;208;31m▃[38;2;101;203;8;48;2;114;207;29m▃[38;2;100;203;7m▄[38;2;98;202;3;48;2;111;206;24m▄[38;2;97;201;2;48;2;108;206;20m▅[38;2;96;201;1;48;2;105;204;14m▆[48;2;102;203;10m▇[38;2;97;201;2;48;2;101;203;8m▅[38;2;100;203;7;48;2;105;204;15m▄[38;2;105;204;15;48;2;111;206;25m▄[38;2;111;207;25;48;2;117;208;35m▄[38;2;117;208;35;48;2;123;210;44m▄[38;2;124;210;47;48;2;178;227;139m▅[38;2;196;217;179;48;2;147;216;88m━[38;2;164;175;148;48;2;133;214;60m▆[0m[7m[38;2;164;207;125m▄[38;2;162;199;125m▄[38;2;178;216;147m▅[38;2;193;209;179m▆[0m  [38;2;48;11;36m [0m
  [7m[38;2;151;169;129m▅[0m[38;2;171;190;153;48;2;89;125;41m━[38;2;163;220;119;48;2;95;201;0m▖[38;2;95;201;0;48;2;97;202;1m▇[48;2;98;202;3m▇[48;2;98;202;4m▇▇[48;2;98;202;3m▇[48;2;97;202;2m▇[48;2;95;201;0m  [38;2;152;219;96;48;2;100;203;9m▁[38;2;95;201;0;48;2;97;202;5m┈[48;2;95;201;0m   [38;2;97;202;3;48;2;96;201;0m▝[38;2;101;203;9;48;2;98;201;3m▝[38;2;101;203;8;48;2;106;205;17m▅[38;2;106;205;16;48;2;111;207;25m▄[38;2;112;207;25;48;2;118;209;35m▄[38;2;117;208;34;48;2;122;210;43m▃[38;2;125;211;47;48;2;124;210;45m┈[38;2;125;211;46;48;2;142;206;85m┈[0m[38;2;178;212;150m┓[0m [38;2;50;13;38m    [0m
 [38;2;0;0;0m  [7m[38;2;163;156;161m▊[0m[38;2;208;233;191;48;2;99;202;8m▎[48;2;95;201;0m      [38;2;95;201;0;48;2;95;201;1m┈[38;2;176;215;149;48;2;116;204;40m┎[38;2;199;207;196;48;2;154;214;105m┫[48;2;95;201;0m      [38;2;96;201;0;48;2;98;202;3m▆[38;2;97;201;2;48;2;101;203;8m▅[38;2;99;202;5;48;2;106;204;16m▄[38;2;104;204;13;48;2;112;207;25m▄[38;2;108;205;20;48;2;117;208;34m▃[38;2;115;207;30;48;2;123;210;44m▃[38;2;123;210;44;48;2;121;210;41m╴[0m[38;2;167;195;139m▊[0m [38;2;52;15;40m   [0m
 [38;2;0;0;0m   [38;2;174;178;164m┗[38;2;146;154;131;48;2;102;203;14m▃[38;2;195;227;183;48;2;96;201;3m▁[38;2;95;201;0;48;2;95;201;1m┈[38;2;156;218;122;48;2;95;201;0m▁[38;2;179;202;161;48;2;96;201;3m▂[38;2;220;228;217;48;2;105;158;49m╶[0m[7m[38;2;146;179;113m▄[38;2;85;156;12m▎[38;2;170;208;139m▍[0m[38;2;67;46;50;48;2;95;201;0m        [38;2;95;201;0;48;2;97;201;1m▇[38;2;96;201;0;48;2;98;202;4m▇[38;2;96;201;1;48;2;101;203;9m▆[38;2;97;201;1;48;2;101;203;10m╴[38;2;156;184;128;48;2;109;206;22m▃[0m[38;2;182;220;151m▘[0m [38;2;48;10;36m   [0m
 [38;2;0;0;0m    [0m [7m[38;2;169;161;167m▇[38;2;230;233;228m▇[38;2;208;207;208m▇[0m [38;2;48;10;36m [0m [38;2;91;184;3m▋[38;2;152;141;147m▝[38;2;179;208;156;48;2;114;182;49m┓[38;2;95;201;0;48;2;96;201;2m┈[48;2;95;201;0m    [38;2;151;208;104;48;2;98;202;6m▗[38;2;168;216;132;48;2;102;119;69m┙[0m[38;2;131;171;94m▘[38;2;131;182;81m╵[7m[38;2;152;206;110m▅[38;2;176;196;160m▆[0m [38;2;48;10;36m     [0m
 [38;2;0;0;0m          [7m[38;2;78;134;12m▉[0m[38;2;95;201;0m▌ [0m [7m[38;2;158;192;127m▅[38;2;130;190;77m▃[0m[38;2;186;215;174;48;2;74;109;21m━[38;2;180;187;174;48;2;72;106;20m━[0m[7m[38;2;146;207;97m▅[38;2;130;116;123m▆[0m[38;2;49;11;37m           [0m
 [38;2;0;0;0m          [0m [38;2;81;146;10m▘                   [0m
[?25h