[?25l[0m [38;2;0;0;0m          [0m [38;2;4;2;5m▄[38;2;2;1;3m▆[38;2;1;1;3m▇[48;2;1;1;3m┈[48;2;7;2;7m▇[48;2;13;9;13m╴[0m[38;2;49;49;51m▄[38;2;10;6;10m▄[38;2;22;5;18m▁           [0m
 [38;2;0;0;0m         [0m [38;2;3;1;4;48;2;18;4;15m▇[48;2;1;1;3m     [38;2;35;35;37;48;2;3;3;5m▝[38;2;7;7;9;48;2;86;86;86m▅[38;2;34;34;35;48;2;5;5;6m▘[38;2;1;1;3;48;2;3;1;4m┈[0m[38;2;2;1;4m▖          [0m
 [38;2;0;0;0m         [7m[38;2;3;1;4m▋[0m[38;2;144;144;143;48;2;4;4;6m▗[38;2;176;176;175;48;2;3;3;5m▅[38;2;197;197;196;48;2;28;28;29m▃[38;2;2;2;4;48;2;1;1;3m┈[38;2;83;83;84;48;2;14;14;16m▁[38;2;230;230;229;48;2;48;48;50m▃[38;2;166;166;166;48;2;3;3;5m▆[38;2;201;201;200;48;2;53;53;54m▄[38;2;1;1;3;48;2;8;8;10m┊[48;2;1;1;3m [48;2;18;4;15m▉[0m [38;2;48;10;36m         [0m
 [38;2;0;0;0m         [7m[38;2;6;2;6m▋[0m[38;2;17;17;18;48;2;208;208;207m▌[38;2;209;192;148;48;2;29;29;31m▂[38;2;106;89;38;48;2;228;210;142m▍[38;2;234;199;20;48;2;34;33;26m▄[38;2;36;34;25;48;2;202;183;82m▘[38;2;247;236;174;48;2;91;83;37m▌[38;2;244;221;98;48;2;26;25;22m▁[38;2;95;95;94;48;2;226;226;224m▍[38;2;148;148;148;48;2;1;1;3m▎  [0m [38;2;35;7;27m         [0m
 [38;2;0;0;0m         [7m[38;2;9;2;8m▊[0m[38;2;22;15;4;48;2;121;85;9m▋[38;2;207;153;10;48;2;213;170;65m▇[38;2;232;178;10;48;2;235;188;11m▍[38;2;235;199;18;48;2;241;211;49m▊[38;2;238;209;47;48;2;244;216;62m▁[38;2;204;164;17;48;2;244;215;34m▂[38;2;209;157;9;48;2;241;209;23m▄[38;2;188;145;59;48;2;215;166;22m▁[38;2;153;118;24;48;2;9;7;3m▏[38;2;62;62;63;48;2;2;2;4m▂[38;2;51;51;52m▁[0m[38;2;8;2;8m▖         [0m
 [38;2;0;0;0m         [38;2;11;3;10m▗[38;2;129;129;129;48;2;11;11;13m▗[38;2;158;133;88;48;2;196;195;193m▝[38;2;182;180;177;48;2;173;130;24m▃[38;2;183;183;181;48;2;185;140;18m▂[38;2;177;170;163;48;2;196;142;9m▃[38;2;190;187;182;48;2;205;149;20m▄[38;2;210;208;205;48;2;199;154;53m▆[38;2;242;242;240;48;2;182;180;176m▅[38;2;10;10;11;48;2;198;198;197m▝[38;2;1;1;3;48;2;23;23;24m┈[38;2;3;3;5;48;2;101;101;102m▄[38;2;1;1;3;48;2;4;2;5m┈[0m[38;2;5;2;6m▖        [0m
 [38;2;0;0;0m       [38;2;15;4;13m▂[38;2;3;1;4m▅[38;2;246;246;244;48;2;49;48;50m▗[38;2;247;247;245;48;2;166;166;165m▇[38;2;250;250;248;48;2;232;232;231m▇[38;2;249;249;246;48;2;201;201;200m▅[38;2;245;245;243;48;2;191;191;189m▅[38;2;248;248;246;48;2;203;203;201m▆[38;2;251;251;249;48;2;232;232;230m▇[48;2;252;252;250m   [38;2;35;35;36;48;2;223;223;222m▝[38;2;1;1;3;48;2;3;3;5m┈[48;2;1;1;3m  [0m[7m[38;2;6;2;6m▝[0m[38;2;15;4;13m▂      [0m
 [38;2;0;0;0m     [0m [7m[38;2;9;3;9m▘[0m[38;2;19;19;21;48;2;4;4;6m╻[38;2;126;126;126;48;2;13;13;14m▗[38;2;216;216;215;48;2;241;241;239m━[38;2;237;237;235;48;2;251;251;249m╸[48;2;252;252;250m [38;2;249;249;247;48;2;240;240;238m▊[38;2;242;242;240;48;2;250;250;248m▘[48;2;252;252;250m [38;2;247;247;245;48;2;251;251;249m▝[38;2;235;235;233;48;2;248;248;246m╺[38;2;219;219;218;48;2;247;247;245m━[38;2;204;204;203;48;2;239;239;237m━[38;2;218;218;216;48;2;232;232;230m▆[38;2;3;3;5;48;2;179;179;179m▝[38;2;79;79;80;48;2;8;8;10m▁[38;2;24;24;26;48;2;10;10;12m╷[38;2;36;36;38;48;2;3;3;5m▁[48;2;1;1;3m [0m[7m[38;2;7;2;7m▝[0m [38;2;33;7;25m    [0m
 [38;2;0;0;0m     [7m[38;2;23;7;19m╴[0m[38;2;76;76;77;48;2;18;18;20m╱[38;2;227;227;226;48;2;29;29;30m▗[38;2;252;252;250;48;2;238;238;236m┈[48;2;252;252;250m   [38;2;246;246;244m▖       [38;2;250;250;248;48;2;226;226;224m▆[38;2;97;97;97;48;2;246;246;244m▝[38;2;80;80;81;48;2;25;25;26m▏[38;2;61;61;62;48;2;26;26;28m╸[38;2;65;65;67;48;2;15;15;17m┓[48;2;1;1;3m [0m[7m[38;2;2;1;4m▝[0m [38;2;48;10;36m   [0m
 [38;2;0;0;0m   [0m [7m[38;2;15;4;12m▘[0m[38;2;64;64;64;48;2;16;16;18m╻[38;2;144;144;144;48;2;7;7;9m▗[38;2;252;252;250;48;2;244;244;242m┈[48;2;252;252;250m   [38;2;251;251;249;48;2;244;244;242m▊[38;2;236;236;234;48;2;250;250;248m▍[48;2;252;252;250m         [38;2;239;239;237;48;2;18;18;20m▍[48;2;1;1;3m [38;2;4;4;6;48;2;67;67;69m▌[38;2;12;12;14;48;2;1;1;3m▏ [0m[38;2;6;2;7m▌   [0m
 [38;2;0;0;0m   [7m[38;2;6;2;6m▌[0m[38;2;164;123;9;48;2;2;2;4m▁[38;2;73;73;74;48;2;29;28;25m┹[38;2;31;31;33;48;2;246;246;244m▌[48;2;252;252;250m    [38;2;251;251;249;48;2;239;239;237m▊[38;2;237;237;235;48;2;250;250;248m▎[48;2;252;252;250m         [38;2;247;247;245;48;2;20;20;22m▍[38;2;36;36;37;48;2;3;3;5m▂[38;2;58;58;60;48;2;25;25;27m┛[38;2;54;54;55;48;2;1;1;3m▂[38;2;57;57;58m▁[0m[38;2;3;1;4m▊   [0m
 [38;2;181;127;9m▁[38;2;204;148;4m▁[38;2;182;128;9m▂[7m[38;2;209;155;8m▘[0m[38;2;243;187;12;48;2;235;179;12m▇[38;2;238;183;12;48;2;142;107;9m▇[38;2;211;160;9;48;2;93;81;47m▃[38;2;25;22;16;48;2;215;215;213m▄[38;2;83;83;83;48;2;246;246;244m▂[48;2;252;252;250m  [38;2;251;251;249;48;2;244;244;242m▊[38;2;240;240;238;48;2;250;250;248m▘[48;2;252;252;250m      [38;2;245;245;243m▁[38;2;245;244;240;48;2;203;168;85m▋[38;2;230;179;26;48;2;247;239;222m▆[38;2;196;158;42;48;2;9;7;6m▋[48;2;1;1;3m  [38;2;1;1;3;48;2;6;6;8m╴[38;2;157;121;20;48;2;54;51;45m▗[0m[38;2;225;173;27m▄[0m [38;2;48;10;36m  [0m
[7m[38;2;188;133;7m▋[0m[38;2;217;160;8;48;2;236;180;11m▎[38;2;243;187;12;48;2;224;167;9m▇[48;2;224;166;7m▇[38;2;244;188;12;48;2;239;183;11m▇[48;2;244;188;12m  [38;2;243;187;12;48;2;239;184;12m▇[38;2;80;59;4;48;2;228;177;10m▝[38;2;146;112;6;48;2;6;5;3m▖[38;2;3;3;5;48;2;147;147;146m▆[38;2;36;36;37;48;2;228;228;227m▄[38;2;252;252;250;48;2;248;248;246m┈[48;2;252;252;250m      [48;2;251;251;249m▉[38;2;240;240;238;48;2;213;213;212m▌[38;2;200;199;197;48;2;176;127;14m▋[38;2;214;160;25;48;2;237;183;31m▍[38;2;237;181;30;48;2;221;166;26m╴[38;2;206;150;22;48;2;18;12;4m▆[38;2;199;146;21;48;2;1;1;3m▆[38;2;227;172;27;48;2;89;63;9m▆[38;2;243;189;32;48;2;241;187;32m┊[38;2;242;189;32;48;2;235;180;30m▇[0m[7m[38;2;190;139;30m▝[0m[38;2;144;97;30m▁ [0m
[7m[38;2;190;136;5m▊[0m[38;2;212;156;4;48;2;239;182;11m▍[48;2;244;188;12m       [38;2;244;188;12;48;2;231;180;11m╴[38;2;204;166;53;48;2;18;13;3m▅[38;2;231;228;221;48;2;14;14;15m▅[38;2;252;252;250;48;2;246;246;244m┈[48;2;252;252;250m     [48;2;249;249;247m┈[38;2;46;46;47;48;2;238;238;236m▂[38;2;22;22;23;48;2;203;203;202m▅[38;2;59;45;15;48;2;171;121;13m▋[38;2;210;155;24;48;2;237;183;31m▍[38;2;244;191;33;48;2;243;189;33m▇[48;2;238;183;30m▇[48;2;239;184;31m▇[48;2;243;190;33m▇[38;2;242;188;32;48;2;244;191;33m▁[38;2;237;182;30;48;2;244;190;33m▁[38;2;227;170;27;48;2;242;189;32m▁[38;2;242;187;32;48;2;226;171;29m╴[0m[38;2;166;115;19m▆[0m
[7m[38;2;158;109;9m▁[0m[38;2;183;129;3;48;2;234;177;9m▃[38;2;203;146;1;48;2;242;185;11m▃[38;2;210;152;1m▂[38;2;222;163;3;48;2;243;187;12m▂[38;2;226;167;3m▁[38;2;236;179;10;48;2;244;188;12m▁   [38;2;239;182;10;48;2;216;159;3m▋[38;2;150;107;4;48;2;190;168;120m▇[38;2;23;19;13;48;2;239;239;237m▆[38;2;9;9;11;48;2;247;247;245m▅[38;2;1;1;3;48;2;231;231;229m▄▄[38;2;9;9;11;48;2;246;246;244m▅[38;2;11;11;12;48;2;237;237;235m▆[38;2;2;2;4;48;2;118;118;118m▇[48;2;1;1;3m [38;2;1;1;3;48;2;2;2;3m┈[38;2;80;54;4;48;2;156;109;12m▎[38;2;207;150;20;48;2;231;174;28m▎[38;2;230;172;26;48;2;243;190;33m▂[38;2;228;169;25;48;2;243;189;33m▂[38;2;215;154;20;48;2;240;186;31m▂[38;2;187;131;14;48;2;235;179;29m▃[38;2;100;60;16;48;2;196;142;18m▁[0m[7m[38;2;188;134;16m▃[38;2;168;118;15m▄[38;2;160;110;11m▆[0m [0m
  [7m[38;2;158;111;5m▇[38;2;166;116;4m▆▅[38;2;164;114;4m▄[38;2;169;119;5m▃[38;2;182;131;5m▂[38;2;191;140;5m▁[0m[38;2;116;80;4;48;2;216;158;4m▃[0m[7m[38;2;161;114;2m▁[38;2;109;73;7m▃[38;2;13;9;4m▇[38;2;15;3;13m▇[0m  [7m[38;2;16;3;14m▇[38;2;3;1;5m▇[38;2;14;3;12m▆[38;2;2;1;4m▆[38;2;6;2;5m▅[38;2;92;60;8m▃[38;2;129;87;9m▁[0m[38;2;99;66;7;48;2;189;130;14m▄[0m[7m[38;2;155;106;10m▁[38;2;153;103;10m▃[38;2;122;78;12m▅[0m [38;2;48;10;36m    [0m
[?25h