[?25l[0m [38;2;0;0;0m          [0m [38;2;243;115;32m▁[38;2;239;113;32m▂[38;2;213;99;32m▃[38;2;227;106;32m▃▃[38;2;213;99;32m▃[38;2;239;113;32m▂[38;2;243;115;32m▁[0m [38;2;138;58;34m           [0m
 [38;2;0;0;0m     [0m [38;2;201;92;33m▂[38;2;229;108;32m▄[38;2;232;109;32m▆[38;2;241;114;32m▇[48;2;243;115;32m          [0m[38;2;241;114;32m▇[38;2;232;109;32m▆[38;2;229;108;32m▄[38;2;201;92;33m▂[0m [38;2;48;10;36m      [0m
 [38;2;0;0;0m   [0m [38;2;222;104;32m▄[38;2;235;111;32m▇[48;2;243;115;32m            [38;2;252;232;221;48;2;244;126;51m▄[38;2;253;246;244;48;2;243;115;32m▆[38;2;253;242;237m▆[38;2;253;247;245;48;2;244;132;62m▖[48;2;243;115;32m  [0m[38;2;235;111;32m▇[38;2;222;103;32m▄[0m [38;2;130;54;34m    [0m
 [38;2;0;0;0m  [38;2;238;112;32m▗[38;2;239;113;32;48;2;175;78;33m▇[48;2;243;115;32m     [38;2;248;184;148;48;2;243;118;37m▁[38;2;250;210;187;48;2;243;119;39m▂[38;2;254;249;248;48;2;244;135;67m╺[38;2;253;250;249;48;2;243;122;48m▆[38;2;253;249;248;48;2;243;115;32m▇[38;2;254;254;254;48;2;244;132;76m▇▇[38;2;253;249;248;48;2;243;115;32m▇[38;2;253;238;231;48;2;246;151;94m▃[38;2;245;143;83;48;2;252;234;225m▃[38;2;243;115;32;48;2;253;245;242m▁[38;2;245;143;84;48;2;254;253;253m▂[38;2;254;254;254;48;2;245;147;86m▘[48;2;243;115;32m    [38;2;239;113;32;48;2;175;78;33m▇[0m[38;2;238;112;32m▖   [0m
 [38;2;0;0;0m [7m[38;2;181;82;33m▘[0m[38;2;49;10;36;48;2;243;115;32m     [38;2;247;168;122m▗[38;2;253;241;234;48;2;245;140;75m▅[38;2;254;254;254;48;2;254;251;250m┈[48;2;254;252;251m┈[38;2;254;250;249;48;2;245;145;83m╸[38;2;243;118;39;48;2;251;213;191m▅[38;2;243;115;32;48;2;252;232;224m▅[48;2;253;246;244m▆▆[48;2;252;231;224m▅[38;2;243;119;40;48;2;253;242;237m▄[38;2;244;133;64;48;2;253;241;236m▂[38;2;254;251;250;48;2;244;124;52m▇[38;2;254;253;253;48;2;244;132;70m▇[38;2;253;241;234;48;2;245;140;74m▅[38;2;247;168;122;48;2;243;115;32m▖     [0m[7m[38;2;181;82;33m▝[0m[38;2;49;10;36m  [0m
 [7m[38;2;171;76;33m▊[0m[38;2;243;115;32;48;2;242;114;32m┈[48;2;243;115;32m [48;2;243;118;37m┈[38;2;252;234;227;48;2;243;116;35m▂[38;2;254;252;251;48;2;243;119;42m▂[38;2;249;193;161;48;2;243;120;42m▁[38;2;247;168;120;48;2;253;242;236m▎[48;2;254;254;254m [38;2;248;176;136m▗[38;2;249;198;170;48;2;243;119;39m▘[48;2;243;115;32m        [48;2;243;119;39m▝[38;2;248;176;136;48;2;254;254;254m▖ [38;2;253;244;239;48;2;249;194;161m▉[38;2;247;171;124;48;2;243;119;38m▏[48;2;243;115;32m    [38;2;243;115;32;48;2;242;114;32m┈[0m[38;2;171;76;33m▎ [0m
 [7m[38;2;242;114;32m▋[0m[38;2;51;12;36;48;2;243;115;32m  [38;2;244;127;54;48;2;253;238;231m▍[48;2;254;254;254m  [38;2;254;254;254;48;2;253;246;242m┈[38;2;244;128;55;48;2;251;214;194m▊[48;2;254;254;254m [38;2;253;236;229;48;2;243;115;33m▌[48;2;243;115;32m          [38;2;249;192;167;48;2;245;150;90m╎[38;2;243;115;32;48;2;251;227;219m━━[38;2;250;199;172;48;2;243;122;46m▎[48;2;243;115;32m     [0m[38;2;241;114;32m▍ [0m
 [7m[38;2;171;76;33m▊[0m[38;2;243;115;32;48;2;242;114;32m┈[48;2;243;115;32m [48;2;243;118;37m┈[38;2;243;116;35;48;2;252;234;227m▆[38;2;243;119;42;48;2;254;252;251m▆[38;2;243;120;42;48;2;249;193;161m▇[38;2;247;167;120;48;2;253;242;236m▎[48;2;254;254;254m [38;2;248;176;136m▝[38;2;249;198;170;48;2;243;119;39m▖[48;2;243;115;32m        [48;2;243;119;39m▗[38;2;248;177;136;48;2;254;254;254m▘ [38;2;253;244;239;48;2;249;194;161m▉[38;2;247;171;124;48;2;243;119;38m▏[48;2;243;115;32m    [38;2;243;115;32;48;2;242;114;32m┈[0m[38;2;171;76;33m▎ [0m
 [38;2;0;0;0m [7m[38;2;181;82;33m▖[0m[38;2;49;10;36;48;2;243;115;32m     [38;2;243;122;44;48;2;248;174;130m▇[38;2;245;140;74;48;2;253;241;234m▃[38;2;254;254;254;48;2;254;251;250m┈[48;2;254;252;251m┈[38;2;254;250;249;48;2;245;145;83m╸[38;2;251;213;191;48;2;243;118;39m▃[38;2;252;232;224;48;2;243;115;32m▃[38;2;253;246;244m▂▂[38;2;252;232;224m▃[38;2;253;242;238;48;2;243;119;40m▄[38;2;253;241;236;48;2;244;133;64m▆[38;2;244;123;52;48;2;254;251;250m▁[38;2;244;131;70;48;2;254;253;253m▁[38;2;245;140;74;48;2;253;241;234m▃[38;2;247;168;122;48;2;243;115;32m▘     [0m[7m[38;2;181;82;33m▗[0m[38;2;49;10;36m  [0m
 [38;2;0;0;0m  [38;2;238;112;32m▝[38;2;175;78;33;48;2;239;113;32m▁[48;2;243;115;32m     [38;2;243;118;37;48;2;248;184;148m▇[38;2;243;119;39;48;2;250;210;187m▆[38;2;254;249;248;48;2;244;135;67m╺[38;2;243;122;48;48;2;253;250;249m▂[38;2;243;115;32;48;2;253;249;248m▁[38;2;244;132;76;48;2;254;254;254m▁[38;2;244;132;75m▁[38;2;243;115;32;48;2;253;249;248m▁[38;2;246;151;94;48;2;253;238;231m▅[38;2;252;234;225;48;2;245;143;83m▅[38;2;253;245;242;48;2;243;115;32m▇[38;2;254;253;253;48;2;245;143;84m▆[38;2;254;254;254;48;2;245;147;86m▖[48;2;243;115;32m    [38;2;175;78;33;48;2;239;113;32m▁[0m[38;2;238;112;32m▘   [0m
 [38;2;0;0;0m   [0m [7m[38;2;222;103;32m▄[0m[38;2;156;68;34;48;2;242;115;32m▂[48;2;243;115;32m            [38;2;244;126;51;48;2;252;232;221m▄[38;2;243;115;32;48;2;253;246;244m▂[48;2;253;242;237m▂[38;2;253;247;245;48;2;244;132;62m▘[48;2;243;115;32m  [38;2;156;68;34;48;2;242;115;32m▂[0m[7m[38;2;222;103;32m▄[0m [38;2;53;13;36m    [0m
 [38;2;0;0;0m     [0m [7m[38;2;201;92;33m▆[38;2;229;108;32m▄[38;2;231;109;32m▂[38;2;241;114;32m▁[0m[38;2;109;43;34;48;2;243;115;32m          [0m[7m[38;2;241;114;32m▁[38;2;231;109;32m▂[38;2;229;108;32m▄[38;2;201;92;33m▆[0m [38;2;48;10;36m      [0m
 [38;2;0;0;0m          [0m [7m[38;2;243;115;32m▇[38;2;239;113;32m▆[38;2;212;99;32m▅[38;2;227;106;32m▅▅[38;2;213;99;32m▅[38;2;239;113;32m▆[38;2;243;115;32m▇[0m [38;2;48;10;36m           [0m
[?25h