[?25l[0m [38;2;0;0;0m       [0m [38;2;160;179;159m▂[38;2;163;182;162m▄[38;2;169;191;169m▅[38;2;170;193;170m▆[38;2;170;192;170m▇[38;2;170;193;170;48;2;132;136;128m▇[48;2;163;182;162m▇[48;2;164;184;163m▇[48;2;134;139;130m▇[0m[38;2;170;193;170m▇▆[38;2;169;192;169m▅[38;2;164;184;163m▄[38;2;162;181;162m▂[0m [38;2;91;75;84m        [0m
 [38;2;0;0;0m       [7m[38;2;118;115;113m▇[38;2;160;178;159m▄[0m[38;2;110;103;104;48;2;167;188;166m▁[48;2;170;193;170m [38;2;170;193;170;48;2;169;191;169m┈[0m[7m[38;2;168;191;168m▁[38;2;170;193;170m▂[38;2;168;190;168m▂▂[38;2;170;193;170m▂[38;2;168;190;168m▁[0m[38;2;170;193;170;48;2;169;191;169m┈[48;2;170;193;170m   [48;2;166;187;166m┈[0m[38;2;167;188;167m▅[38;2;139;147;136m▃[0m [38;2;48;10;36m     [0m
 [38;2;0;0;0m   [38;2;63;90;78m▗[38;2;69;117;92m▅[38;2;65;97;81m▂   [0m [7m[38;2;147;159;145m▆[0m [38;2;48;10;36m      [0m [7m[38;2;152;166;150m▆[38;2;162;181;161m▄[0m[38;2;113;108;108;48;2;169;192;169m▂[48;2;170;193;170m   [0m[7m[38;2;165;185;164m▝[0m[38;2;134;140;131m▖    [0m
 [38;2;0;0;0m  [38;2;67;110;88m▗[38;2;71;127;97;48;2;70;123;95m┈[48;2;71;127;97m  [0m[38;2;69;118;92m▆[38;2;60;73;68m╴    [0m [38;2;156;172;155m▁[38;2;165;186;164m▂▂[38;2;156;172;155m▁[0m [38;2;48;10;36m   [0m [7m[38;2;151;165;149m▅[0m[38;2;170;193;170;48;2;166;186;165m┈[48;2;170;193;170m  [48;2;166;187;165m┈[0m[38;2;155;170;153m▖   [0m
[38;2;16;3;12m▅[38;2;1;0;0m▅▅[38;2;6;12;9;48;2;65;100;83m▅[38;2;45;82;62;48;2;68;122;93m▁[48;2;71;127;97m  [0m[38;2;69;117;91m▘[38;2;18;4;13m▂[38;2;19;4;14m▄▅[38;2;5;1;4m▄[38;2;5;3;4m▅[38;2;17;20;17;48;2;113;122;111m━[48;2;140;159;140m━[38;2;49;57;49;48;2;170;193;170m▅[38;2;7;8;7m▅[38;2;1;2;1;48;2;153;174;153m▄[38;2;61;70;61;48;2;153;168;152m▖[0m[38;2;99;112;99m▁[38;2;2;0;1m▅[38;2;1;0;0m▅[38;2;8;1;6m▅[38;2;8;2;6m▗[38;2;3;3;3;48;2;116;112;110m▅[38;2;7;8;7;48;2;170;193;170m▅[38;2;46;52;46m▅[38;2;17;20;17;48;2;140;159;140m━[38;2;0;0;0;48;2;98;108;97m─[0m[38;2;1;0;0m▅[38;2;1;0;1m▅[38;2;12;2;9m▄[0m
 [7m[38;2;9;2;7m▖[0m[38;2;46;10;35;48;2;0;0;0m  [38;2;35;65;49m▝[38;2;13;25;18;48;2;68;122;93m▃[38;2;6;14;10;48;2;60;109;83m╼[0m[7m[38;2;19;7;15m▄[38;2;19;4;14m▆[38;2;11;2;8m▘[0m[38;2;44;9;33;48;2;0;0;0m  [38;2;7;8;7;48;2;139;158;139m▘[48;2;170;193;170m [38;2;112;127;112;48;2;165;188;165m▁[38;2;140;159;140;48;2;9;10;9m▘[48;2;0;0;0m [38;2;60;69;60;48;2;3;3;3m▁[38;2;45;51;45;48;2;152;173;152m▚[38;2;86;97;86;48;2;0;0;0m▘ [0m[7m[38;2;0;0;0m▗[0m[38;2;13;3;10m▚[38;2;0;0;0;48;2;2;0;1m┈[48;2;0;0;0m [38;2;150;170;150;48;2;15;17;15m▗[38;2;170;193;170;48;2;163;185;163m┈[48;2;161;183;161m┈[38;2;150;171;150;48;2;14;16;14m▘[48;2;0;0;0m  [0m[7m[38;2;8;2;6m▗[0m
 [38;2;0;0;0m [38;2;2;0;1m▝[38;2;62;97;79;48;2;1;2;1m▄[38;2;65;117;89;48;2;5;9;7m▆[38;2;71;127;97;48;2;68;122;93m┈[48;2;71;127;97m [0m[38;2;69;118;92m▖ [38;2;6;1;5m▝[7m[38;2;0;0;0m▄[38;2;4;1;3m▃[38;2;136;154;136m▆[38;2;101;113;100m▁[0m[38;2;156;178;156;48;2;19;22;19m▄[38;2;166;188;166;48;2;6;7;6m▄[38;2;168;191;168;48;2;28;32;28m▅[38;2;167;190;167;48;2;109;124;109m▇[38;2;126;133;123;48;2;31;36;31m▄[38;2;68;68;65;48;2;22;6;16m╴[0m[7m[38;2;0;0;0m▄[0m [7m[38;2;6;1;4m▃[38;2;4;1;3m▃[0m[38;2;152;171;151;48;2;20;12;17m▗[38;2;156;178;156;48;2;65;74;65m▄[38;2;58;66;58;48;2;123;139;123m┉[38;2;156;178;156;48;2;23;26;23m▄[38;2;135;144;133;48;2;0;0;0m▄[0m[7m[38;2;1;0;0m▅[38;2;17;3;13m▆[0m[38;2;47;10;35m [0m
 [38;2;0;0;0m  [38;2;67;109;87m▝[38;2;71;127;97;48;2;70;122;94m┈[48;2;71;127;97m  [48;2;70;124;95m┈[0m[38;2;66;102;84m▄[0m [38;2;48;10;36m    [7m[38;2;143;153;141m▇[38;2;153;168;151m▆▆[38;2;144;153;141m▇[0m[38;2;50;13;38m     [0m [7m[38;2;160;178;159m▂[0m[38;2;81;60;72;48;2;170;193;170m  [38;2;170;193;170;48;2;164;185;164m┈[0m[38;2;150;163;148m▘   [0m
 [38;2;0;0;0m   [38;2;63;86;75m▝[7m[38;2;70;120;93m▖[0m[38;2;54;43;53;48;2;71;127;97m   [0m[38;2;70;123;95m▇[38;2;70;122;94m▄[38;2;69;116;91m▂[0m [38;2;58;64;64m      [0m [38;2;68;114;90m▂[0m [38;2;48;10;36m   [7m[38;2;130;133;126m▆[38;2;167;189;167m▄[0m[38;2;126;127;121m▘    [0m
 [38;2;0;0;0m    [0m [7m[38;2;64;91;78m▅[38;2;70;122;94m▃[0m[38;2;63;90;77;48;2;71;127;97m▁   [38;2;71;127;97m┈[0m[38;2;71;127;97m▇▆▆▆▆▇[48;2;71;127;97m┈ [38;2;71;125;96;48;2;61;78;71m▇[0m[38;2;70;120;93m▄[0m [38;2;59;66;65m        [0m
 [38;2;0;0;0m       [0m [7m[38;2;68;114;90m▆[38;2;69;117;92m▄[38;2;70;125;96m▃[38;2;71;126;96m▂[38;2;71;125;96m▁[38;2;71;127;97m▁[0m[38;2;64;95;80;48;2;71;127;97m▁[38;2;64;95;79m▁[0m[7m[38;2;71;127;97m▁[38;2;71;125;96m▁[38;2;71;126;96m▂[38;2;70;124;95m▃[38;2;69;116;91m▄[38;2;68;112;89m▆[0m [38;2;48;10;36m        [0m
[?25h