[?25l[0m [38;2;0;0;0m              [0m [38;2;11;93;171m▁[38;2;0;118;212m▁[38;2;7;103;186m▂[38;2;0;119;213m▂[38;2;5;106;192m▃[38;2;0;118;212m▃[38;2;5;108;196m▄[38;2;0;118;211m▄[38;2;4;109;197m▅[38;2;0;118;211m▅[38;2;0;119;213m▅[38;2;0;117;211m▆[38;2;0;119;213m▆[38;2;1;117;210m▇[38;2;0;119;213m▇[38;2;1;116;208m▊[0m
[38;2;10;95;174m▂[38;2;1;115;207m▂[38;2;0;119;213m▂[38;2;2;114;205m▃[38;2;0;119;213m▃[38;2;3;113;203m▄[38;2;0;119;213m▄[38;2;3;111;200m▅[38;2;0;119;212m▅[38;2;4;110;199m▆[38;2;1;118;211m▆[38;2;0;119;213m▆[38;2;2;115;206m▇ [7m[38;2;3;111;200m▌[0m[38;2;48;10;36;48;2;0;119;213m                [0m[38;2;0;119;213m▊[0m
[38;2;0;117;210;48;2;0;119;213m▏           [38;2;0;119;213;48;2;6;104;189m▉[0m[38;2;0;119;213m [7m[38;2;3;112;202m▌[0m[38;2;48;10;36;48;2;0;119;213m                [0m[38;2;0;119;213m▊[0m
[38;2;1;115;207;48;2;0;119;213m▏           [38;2;0;119;213;48;2;6;105;191m▉[0m[38;2;0;119;213m [7m[38;2;3;112;202m▌[0m[38;2;48;10;36;48;2;0;119;213m                [0m[38;2;0;119;213m▊[0m
[38;2;2;112;202;48;2;0;119;213m▏           [38;2;0;119;213;48;2;5;107;193m▉[0m[38;2;0;119;213m [7m[38;2;3;112;202m▌[0m[38;2;48;10;36;48;2;0;119;213m                [0m[38;2;0;119;213m▊[0m
[38;2;3;110;199;48;2;0;119;213m▏           [38;2;0;119;213;48;2;4;108;195m▉[0m[38;2;0;119;213m [7m[38;2;3;112;202m▌[0m[38;2;48;10;36;48;2;0;119;213m                [0m[38;2;0;119;213m▊[0m
[38;2;1;115;207m▂[38;2;1;116;208m▂[38;2;1;115;207m▂[38;2;2;115;207m▂[38;2;2;114;205m▂[38;2;2;113;203m▂[38;2;3;112;202m▂[38;2;3;111;200m▂[38;2;4;110;198m▂[38;2;4;109;196m▂[38;2;5;107;194m▂[38;2;5;106;193m▂[38;2;7;103;187m▂ [38;2;24;65;125m▁[38;2;0;119;213m▁▁▁▁▁▁▁▁▁▁▁▁▁▁▁▁[38;2;12;93;170m▁[0m
[38;2;3;110;199;48;2;0;119;213m▏           [38;2;0;119;213;48;2;9;97;177m▉[0m[38;2;0;119;213m [7m▌[0m[38;2;48;10;36;48;2;0;119;213m                [0m[38;2;0;119;213m▊[0m
[38;2;3;110;199;48;2;0;119;213m▏           [38;2;0;119;213;48;2;8;99;181m▉[0m[38;2;0;119;213m [7m▌[0m[38;2;48;10;36;48;2;0;119;213m                [0m[38;2;0;119;213m▊[0m
[38;2;3;110;199;48;2;0;119;213m▏           [38;2;0;119;213;48;2;7;101;184m▉[0m[38;2;0;119;213m [7m[38;2;1;117;210m▌[0m[38;2;48;10;36;48;2;0;119;213m                [0m[38;2;0;119;213m▊[0m
[38;2;3;110;198;48;2;0;119;213m▏           [38;2;0;119;213;48;2;6;104;188m▉[0m[38;2;0;119;213m [7m[38;2;2;115;207m▌[0m[38;2;48;10;36;48;2;0;119;213m                [0m[38;2;0;119;213m▊[0m
[7m[38;2;0;118;211m▇[38;2;3;110;199m▆[38;2;0;119;213m▆[38;2;4;110;199m▅[38;2;0;119;212m▅[38;2;4;109;197m▄[38;2;0;118;212m▄[38;2;4;109;196m▃[38;2;1;118;211m▃[38;2;0;119;213m▃[38;2;1;116;209m▂[38;2;0;119;213m▂[38;2;2;114;204m▁[0m[38;2;48;10;37m [7m[38;2;4;110;198m▌[0m[38;2;0;119;213;48;2;0;118;212m┈[48;2;0;119;213m               [0m[38;2;0;119;213m▊[0m
 [38;2;0;0;0m              [0m [7m[38;2;23;66;126m▇[38;2;3;111;200m▇[38;2;0;119;213m▇[38;2;3;112;202m▆[38;2;0;119;213m▆[38;2;3;112;201m▅[38;2;0;119;213m▅[38;2;3;111;201m▄[38;2;0;119;213m▄[38;2;3;111;201m▃[38;2;0;118;212m▃[38;2;3;111;200m▂[38;2;0;118;211m▂[38;2;0;119;213m▂[38;2;1;118;211m▁[0m[38;2;4;110;198m▊[0m
[?25h