[?25l[0m [38;2;0;0;0m      [0m [38;2;6;60;152m▂▄[38;2;2;65;162m▅[38;2;1;66;165m▆[38;2;2;66;164m▇[38;2;0;68;169m▇[48;2;11;53;136m▇[48;2;1;65;164m▇▇[48;2;11;53;136m▇[0m[38;2;0;68;169m▇[38;2;2;66;164m▇[38;2;1;66;165m▆[38;2;2;65;162m▅[38;2;6;60;152m▄▂[0m [38;2;48;10;36m       [0m
 [38;2;0;0;0m   [0m [38;2;4;63;158m▃[38;2;3;64;160m▆[38;2;0;68;169;48;2;1;66;165m┈[48;2;0;68;169m                [48;2;1;66;165m┈[0m[38;2;3;64;160m▆[38;2;4;63;158m▃[0m [38;2;29;33;88m    [0m
 [38;2;0;0;0m [0m [38;2;4;63;158m▄[38;2;0;68;168;48;2;15;50;128m▇[48;2;0;68;169m               [0m[7m[38;2;1;66;165m▗[38;2;2;66;164m▖[0m[38;2;47;11;39;48;2;0;68;169m  [38;2;0;68;169;48;2;0;67;168m┈[0m[7m[38;2;2;66;164m▁[0m[38;2;34;26;74;48;2;0;68;169m [38;2;0;68;168;48;2;15;50;128m▇[0m[38;2;4;63;158m▄[0m [38;2;30;32;87m  [0m
 [38;2;7;59;149m▗[38;2;2;65;163;48;2;20;43;113m▇[48;2;0;68;169m    [38;2;23;40;105m▂[0m[7m[38;2;3;64;160m▂[38;2;1;66;165m▁[0m[38;2;25;37;99;48;2;0;68;169m [0m[7m[38;2;13;52;132m▗[38;2;10;55;141m▇[38;2;12;52;134m▇[38;2;12;53;134m▖[0m[38;2;48;10;36;48;2;0;68;169m    [38;2;1;67;166;48;2;19;44;115m▉[0m [7m[38;2;2;65;163m▍[0m[38;2;44;15;48;48;2;0;68;169m [0m[7m[38;2;2;66;164m▗[0m[38;2;18;45;117m▘[7m[38;2;5;62;155m▘[0m[38;2;44;15;47;48;2;0;68;169m   [38;2;2;65;163;48;2;20;43;113m▇[0m[38;2;7;59;149m▖ [0m
[38;2;10;56;142m▗[38;2;0;68;169;48;2;1;66;165m┈[48;2;0;68;169m    [48;2;21;42;110m▉[0m [38;2;48;10;36m [0m [7m[38;2;9;56;142m▖[0m[38;2;3;65;161m▍  [0m [38;2;0;68;169;48;2;0;68;169m┈   [0m[38;2;3;65;162m▌[0m [7m[38;2;1;66;165m▏[38;2;10;55;139m▗[0m [7m[38;2;2;65;162m▘[0m[38;2;38;21;62;48;2;0;68;169m     [38;2;0;68;169;48;2;1;66;165m┈[0m[38;2;10;56;141m▖[0m
[7m[38;2;2;65;163m▎[0m[38;2;34;27;75;48;2;0;68;169m      [0m[38;2;12;54;137m▎  [0m [7m[38;2;15;49;127m▅[0m[38;2;48;10;36m   [7m[38;2;1;67;166m▆[38;2;4;63;158m▅[38;2;0;68;169m▅[38;2;2;66;164m▄[38;2;12;53;135m▃[0m[38;2;0;68;169m━[7m[38;2;5;62;156m▁[0m[38;2;2;66;164m▃[7m[38;2;1;67;166m▘[0m[38;2;36;24;68;48;2;0;68;169m       [0m[38;2;2;65;163m▊[0m
[38;2;5;60;152;48;2;0;68;169m▏     [0m[7m[38;2;3;65;162m▗[0m [38;2;48;10;36m              [0m [7m[38;2;8;58;147m▆[38;2;3;64;159m▄[0m[38;2;19;44;115;48;2;1;66;165m▁[48;2;0;68;169m     [38;2;0;68;169;48;2;6;59;151m▉[0m
[7m[38;2;2;65;163m▎[0m[38;2;34;27;75;48;2;0;68;169m     [0m[38;2;11;55;139m▎                  [7m[38;2;4;63;158m▊[0m[38;2;42;17;53;48;2;0;68;169m     [0m[38;2;2;65;163m▊[0m
[38;2;10;56;142m▝[38;2;0;68;169;48;2;1;66;165m┈[48;2;0;68;169m    [0m[38;2;13;51;131m▏               [38;2;14;50;130m▁[38;2;5;62;156m▃[38;2;1;66;165m▅[38;2;0;68;169;48;2;1;67;166m┈[48;2;0;68;169m    [48;2;1;66;165m┈[0m[38;2;10;56;141m▘[0m
 [38;2;7;59;149m▝[38;2;20;43;113;48;2;2;65;163m▁[48;2;0;68;169m   [0m[7m[38;2;9;57;143m▝[0m [38;2;48;10;36m         [38;2;15;49;127m▁[38;2;2;65;163m▂[38;2;4;63;158m▄[38;2;1;67;167m▅[38;2;1;66;165m▇[48;2;0;68;169m       [38;2;20;43;113;48;2;2;65;163m▁[0m[38;2;7;59;149m▘ [0m
 [38;2;0;0;0m [0m [7m[38;2;4;63;158m▄[0m[38;2;15;50;128;48;2;0;68;168m▁[48;2;0;68;169m  [38;2;1;67;166;48;2;23;39;104m▇[0m[38;2;1;67;167m▅[38;2;0;67;168m▄[38;2;4;63;159m▄[38;2;4;63;158m▄[38;2;1;66;166m▄[38;2;0;68;169m▄[38;2;0;68;168m▅[38;2;0;67;168m▆[38;2;0;68;169m▇[48;2;0;68;169m          [38;2;15;50;128;48;2;0;68;168m▁[0m[7m[38;2;4;63;158m▄[0m [38;2;47;11;39m  [0m
 [38;2;0;0;0m   [0m [7m[38;2;4;63;158m▅[38;2;3;64;160m▂[0m[38;2;0;68;169;48;2;1;66;165m┈[48;2;0;68;169m                [48;2;1;66;165m┈[0m[7m[38;2;3;64;160m▂[38;2;4;63;157m▅[0m [38;2;47;11;38m    [0m
 [38;2;0;0;0m      [0m [7m[38;2;6;60;152m▆▄[38;2;2;65;162m▃[38;2;1;66;165m▂[38;2;2;66;164m▁[38;2;0;68;169m▁[0m[38;2;12;52;135;48;2;0;68;169m▁[38;2;1;65;164m▁▁[38;2;12;53;135m▁[0m[7m[38;2;0;68;169m▁[38;2;2;66;164m▁[38;2;1;66;165m▂[38;2;2;65;162m▃[38;2;6;60;152m▄[38;2;6;60;151m▆[0m [38;2;48;10;36m       [0m
[?25h